problem iterations were set to 300
generating problem 
random lenght number:  16
random lenght number:  18
generated problem lenght is:  18
Proposed problem:  [2, 16, 7, 11, 12, 16, 5, 12, 18, 4, 1, 9, 3, 11, 7, 12, 8, 12]
Proposed above problem does not qualify for calculations
Proposed problem:  [10, 19, 16, 13, 5, 17, 8, 9, 6, 19, 10, 14, 7, 5, 13, 11, 11, 14]
Proposed above problem does not qualify for calculations
Proposed problem:  [11, 4, 13, 19, 14, 9, 14, 9, 16, 10, 11, 13, 8, 12, 7, 2, 14, 11]
Proposed above problem does not qualify for calculations
Proposed problem:  [18, 3, 6, 4, 13, 17, 8, 8, 6, 7, 17, 12, 14, 12, 5, 9, 13, 3]
Proposed above problem does not qualify for calculations
Proposed problem:  [3, 9, 8, 14, 14, 3, 11, 9, 12, 18, 14, 10, 15, 14, 10, 9, 13, 11]
Proposed above problem does not qualify for calculations
Proposed problem:  [6, 19, 15, 19, 15, 18, 6, 4, 7, 6, 1, 9, 3, 7, 14, 19, 16, 8]
Our problem:  [6, 19, 15, 19, 15, 18, 6, 4, 7, 6, 1, 9, 3, 7, 14, 19, 16, 8]
hillClimbingRandomized chosen 
perfect sum: 32
subset:19,18,6 Sum: 43
subset:15,9,7 Sum: 31
subset:14,6,6 Sum: 26
subset:3,19,16 Sum: 38
subset:4,19,15 Sum: 38
subset:1,7,8 Sum: 16
Distance: 40
perfect sum: 32
subset:19,6,18 Sum: 43
subset:15,9,7 Sum: 31
subset:14,6,6 Sum: 26
subset:3,19,16 Sum: 38
subset:4,19,15 Sum: 38
subset:1,7,8 Sum: 16
Distance: 40
perfect sum: 32
subset:19,18,6 Sum: 43
subset:15,9,7 Sum: 31
subset:14,6,6 Sum: 26
subset:3,19,16 Sum: 38
subset:4,19,15 Sum: 38
subset:1,7,8 Sum: 16
Distance: 40
0 | Score distance: 40
perfect sum: 32
subset:19,18,6 Sum: 43
subset:15,9,7 Sum: 31
subset:14,6,6 Sum: 26
subset:3,16,19 Sum: 38
subset:4,19,15 Sum: 38
subset:1,7,8 Sum: 16
Distance: 40
perfect sum: 32
subset:19,18,6 Sum: 43
subset:15,9,7 Sum: 31
subset:14,6,6 Sum: 26
subset:3,19,16 Sum: 38
subset:4,19,15 Sum: 38
subset:1,7,8 Sum: 16
Distance: 40
perfect sum: 32
subset:19,18,6 Sum: 43
subset:15,9,7 Sum: 31
subset:14,6,6 Sum: 26
subset:3,16,19 Sum: 38
subset:4,19,15 Sum: 38
subset:1,7,8 Sum: 16
Distance: 40
1 | Score distance: 40
perfect sum: 32
subset:19,18,6 Sum: 43
subset:15,9,7 Sum: 31
subset:14,6,6 Sum: 26
subset:3,16,19 Sum: 38
subset:4,19,1 Sum: 24
subset:15,7,8 Sum: 30
Distance: 34
perfect sum: 32
subset:19,18,6 Sum: 43
subset:15,9,7 Sum: 31
subset:14,6,6 Sum: 26
subset:3,16,19 Sum: 38
subset:4,19,15 Sum: 38
subset:1,7,8 Sum: 16
Distance: 40
perfect sum: 32
subset:19,18,6 Sum: 43
subset:15,9,7 Sum: 31
subset:14,6,6 Sum: 26
subset:3,16,19 Sum: 38
subset:4,19,1 Sum: 24
subset:15,7,8 Sum: 30
Distance: 34
2 | Score distance: 34
perfect sum: 32
subset:19,18,15 Sum: 52
subset:6,9,7 Sum: 22
subset:14,6,6 Sum: 26
subset:3,16,19 Sum: 38
subset:4,19,1 Sum: 24
subset:15,7,8 Sum: 30
Distance: 52
perfect sum: 32
subset:19,18,6 Sum: 43
subset:15,9,7 Sum: 31
subset:14,6,6 Sum: 26
subset:3,16,19 Sum: 38
subset:4,19,1 Sum: 24
subset:15,7,8 Sum: 30
Distance: 34
perfect sum: 32
subset:19,18,6 Sum: 43
subset:15,9,7 Sum: 31
subset:14,6,6 Sum: 26
subset:3,16,19 Sum: 38
subset:4,19,1 Sum: 24
subset:15,7,8 Sum: 30
Distance: 34
3 | Score distance: 34
perfect sum: 32
subset:19,18,6 Sum: 43
subset:15,9,7 Sum: 31
subset:14,6,6 Sum: 26
subset:3,16,19 Sum: 38
subset:4,19,1 Sum: 24
subset:7,15,8 Sum: 30
Distance: 34
perfect sum: 32
subset:19,18,6 Sum: 43
subset:15,9,7 Sum: 31
subset:14,6,6 Sum: 26
subset:3,16,19 Sum: 38
subset:4,19,1 Sum: 24
subset:15,7,8 Sum: 30
Distance: 34
perfect sum: 32
subset:19,18,6 Sum: 43
subset:15,9,7 Sum: 31
subset:14,6,6 Sum: 26
subset:3,16,19 Sum: 38
subset:4,19,1 Sum: 24
subset:7,15,8 Sum: 30
Distance: 34
4 | Score distance: 34
perfect sum: 32
subset:19,18,6 Sum: 43
subset:15,7,9 Sum: 31
subset:14,6,6 Sum: 26
subset:3,16,19 Sum: 38
subset:4,19,1 Sum: 24
subset:7,15,8 Sum: 30
Distance: 34
perfect sum: 32
subset:19,18,6 Sum: 43
subset:15,9,7 Sum: 31
subset:14,6,6 Sum: 26
subset:3,16,19 Sum: 38
subset:4,19,1 Sum: 24
subset:7,15,8 Sum: 30
Distance: 34
perfect sum: 32
subset:19,18,6 Sum: 43
subset:15,7,9 Sum: 31
subset:14,6,6 Sum: 26
subset:3,16,19 Sum: 38
subset:4,19,1 Sum: 24
subset:7,15,8 Sum: 30
Distance: 34
5 | Score distance: 34
perfect sum: 32
subset:19,18,6 Sum: 43
subset:15,7,9 Sum: 31
subset:14,6,6 Sum: 26
subset:16,3,19 Sum: 38
subset:4,19,1 Sum: 24
subset:7,15,8 Sum: 30
Distance: 34
perfect sum: 32
subset:19,18,6 Sum: 43
subset:15,7,9 Sum: 31
subset:14,6,6 Sum: 26
subset:3,16,19 Sum: 38
subset:4,19,1 Sum: 24
subset:7,15,8 Sum: 30
Distance: 34
perfect sum: 32
subset:19,18,6 Sum: 43
subset:15,7,9 Sum: 31
subset:14,6,6 Sum: 26
subset:16,3,19 Sum: 38
subset:4,19,1 Sum: 24
subset:7,15,8 Sum: 30
Distance: 34
6 | Score distance: 34
perfect sum: 32
subset:19,18,15 Sum: 52
subset:6,7,9 Sum: 22
subset:14,6,6 Sum: 26
subset:16,3,19 Sum: 38
subset:4,19,1 Sum: 24
subset:7,15,8 Sum: 30
Distance: 52
perfect sum: 32
subset:19,18,6 Sum: 43
subset:15,7,9 Sum: 31
subset:14,6,6 Sum: 26
subset:16,3,19 Sum: 38
subset:4,19,1 Sum: 24
subset:7,15,8 Sum: 30
Distance: 34
perfect sum: 32
subset:19,18,6 Sum: 43
subset:15,7,9 Sum: 31
subset:14,6,6 Sum: 26
subset:16,3,19 Sum: 38
subset:4,19,1 Sum: 24
subset:7,15,8 Sum: 30
Distance: 34
7 | Score distance: 34
perfect sum: 32
subset:19,18,6 Sum: 43
subset:15,9,7 Sum: 31
subset:14,6,6 Sum: 26
subset:16,3,19 Sum: 38
subset:4,19,1 Sum: 24
subset:7,15,8 Sum: 30
Distance: 34
perfect sum: 32
subset:19,18,6 Sum: 43
subset:15,7,9 Sum: 31
subset:14,6,6 Sum: 26
subset:16,3,19 Sum: 38
subset:4,19,1 Sum: 24
subset:7,15,8 Sum: 30
Distance: 34
perfect sum: 32
subset:19,18,6 Sum: 43
subset:15,9,7 Sum: 31
subset:14,6,6 Sum: 26
subset:16,3,19 Sum: 38
subset:4,19,1 Sum: 24
subset:7,15,8 Sum: 30
Distance: 34
8 | Score distance: 34
perfect sum: 32
subset:19,18,6 Sum: 43
subset:15,9,14 Sum: 38
subset:7,6,6 Sum: 19
subset:16,3,19 Sum: 38
subset:4,19,1 Sum: 24
subset:7,15,8 Sum: 30
Distance: 40
perfect sum: 32
subset:19,18,6 Sum: 43
subset:15,9,7 Sum: 31
subset:14,6,6 Sum: 26
subset:16,3,19 Sum: 38
subset:4,19,1 Sum: 24
subset:7,15,8 Sum: 30
Distance: 34
perfect sum: 32
subset:19,18,6 Sum: 43
subset:15,9,7 Sum: 31
subset:14,6,6 Sum: 26
subset:16,3,19 Sum: 38
subset:4,19,1 Sum: 24
subset:7,15,8 Sum: 30
Distance: 34
9 | Score distance: 34
perfect sum: 32
subset:19,18,6 Sum: 43
subset:15,9,7 Sum: 31
subset:14,6,6 Sum: 26
subset:16,3,19 Sum: 38
subset:4,19,1 Sum: 24
subset:7,15,8 Sum: 30
Distance: 34
perfect sum: 32
subset:19,18,6 Sum: 43
subset:15,9,7 Sum: 31
subset:14,6,6 Sum: 26
subset:16,3,19 Sum: 38
subset:4,19,1 Sum: 24
subset:7,15,8 Sum: 30
Distance: 34
perfect sum: 32
subset:19,18,6 Sum: 43
subset:15,9,7 Sum: 31
subset:14,6,6 Sum: 26
subset:16,3,19 Sum: 38
subset:4,19,1 Sum: 24
subset:7,15,8 Sum: 30
Distance: 34
10 | Score distance: 34
perfect sum: 32
subset:19,18,6 Sum: 43
subset:15,9,7 Sum: 31
subset:14,6,6 Sum: 26
subset:16,3,19 Sum: 38
subset:4,1,19 Sum: 24
subset:7,15,8 Sum: 30
Distance: 34
perfect sum: 32
subset:19,18,6 Sum: 43
subset:15,9,7 Sum: 31
subset:14,6,6 Sum: 26
subset:16,3,19 Sum: 38
subset:4,19,1 Sum: 24
subset:7,15,8 Sum: 30
Distance: 34
perfect sum: 32
subset:19,18,6 Sum: 43
subset:15,9,7 Sum: 31
subset:14,6,6 Sum: 26
subset:16,3,19 Sum: 38
subset:4,1,19 Sum: 24
subset:7,15,8 Sum: 30
Distance: 34
11 | Score distance: 34
perfect sum: 32
subset:19,18,6 Sum: 43
subset:15,9,7 Sum: 31
subset:14,6,6 Sum: 26
subset:3,16,19 Sum: 38
subset:4,1,19 Sum: 24
subset:7,15,8 Sum: 30
Distance: 34
perfect sum: 32
subset:19,18,6 Sum: 43
subset:15,9,7 Sum: 31
subset:14,6,6 Sum: 26
subset:16,3,19 Sum: 38
subset:4,1,19 Sum: 24
subset:7,15,8 Sum: 30
Distance: 34
perfect sum: 32
subset:19,18,6 Sum: 43
subset:15,9,7 Sum: 31
subset:14,6,6 Sum: 26
subset:3,16,19 Sum: 38
subset:4,1,19 Sum: 24
subset:7,15,8 Sum: 30
Distance: 34
12 | Score distance: 34
perfect sum: 32
subset:19,18,6 Sum: 43
subset:15,9,7 Sum: 31
subset:6,14,6 Sum: 26
subset:3,16,19 Sum: 38
subset:4,1,19 Sum: 24
subset:7,15,8 Sum: 30
Distance: 34
perfect sum: 32
subset:19,18,6 Sum: 43
subset:15,9,7 Sum: 31
subset:14,6,6 Sum: 26
subset:3,16,19 Sum: 38
subset:4,1,19 Sum: 24
subset:7,15,8 Sum: 30
Distance: 34
perfect sum: 32
subset:19,18,6 Sum: 43
subset:15,9,7 Sum: 31
subset:6,14,6 Sum: 26
subset:3,16,19 Sum: 38
subset:4,1,19 Sum: 24
subset:7,15,8 Sum: 30
Distance: 34
13 | Score distance: 34
perfect sum: 32
subset:19,18,15 Sum: 52
subset:6,9,7 Sum: 22
subset:6,14,6 Sum: 26
subset:3,16,19 Sum: 38
subset:4,1,19 Sum: 24
subset:7,15,8 Sum: 30
Distance: 52
perfect sum: 32
subset:19,18,6 Sum: 43
subset:15,9,7 Sum: 31
subset:6,14,6 Sum: 26
subset:3,16,19 Sum: 38
subset:4,1,19 Sum: 24
subset:7,15,8 Sum: 30
Distance: 34
perfect sum: 32
subset:19,18,6 Sum: 43
subset:15,9,7 Sum: 31
subset:6,14,6 Sum: 26
subset:3,16,19 Sum: 38
subset:4,1,19 Sum: 24
subset:7,15,8 Sum: 30
Distance: 34
14 | Score distance: 34
perfect sum: 32
subset:19,18,6 Sum: 43
subset:15,9,6 Sum: 30
subset:7,14,6 Sum: 27
subset:3,16,19 Sum: 38
subset:4,1,19 Sum: 24
subset:7,15,8 Sum: 30
Distance: 32
perfect sum: 32
subset:19,18,6 Sum: 43
subset:15,9,7 Sum: 31
subset:6,14,6 Sum: 26
subset:3,16,19 Sum: 38
subset:4,1,19 Sum: 24
subset:7,15,8 Sum: 30
Distance: 34
perfect sum: 32
subset:19,18,6 Sum: 43
subset:15,9,6 Sum: 30
subset:7,14,6 Sum: 27
subset:3,16,19 Sum: 38
subset:4,1,19 Sum: 24
subset:7,15,8 Sum: 30
Distance: 32
15 | Score distance: 32
perfect sum: 32
subset:19,18,6 Sum: 43
subset:15,6,9 Sum: 30
subset:7,14,6 Sum: 27
subset:3,16,19 Sum: 38
subset:4,1,19 Sum: 24
subset:7,15,8 Sum: 30
Distance: 32
perfect sum: 32
subset:19,18,6 Sum: 43
subset:15,9,6 Sum: 30
subset:7,14,6 Sum: 27
subset:3,16,19 Sum: 38
subset:4,1,19 Sum: 24
subset:7,15,8 Sum: 30
Distance: 32
perfect sum: 32
subset:19,18,6 Sum: 43
subset:15,6,9 Sum: 30
subset:7,14,6 Sum: 27
subset:3,16,19 Sum: 38
subset:4,1,19 Sum: 24
subset:7,15,8 Sum: 30
Distance: 32
16 | Score distance: 32
perfect sum: 32
subset:19,18,6 Sum: 43
subset:15,6,9 Sum: 30
subset:7,14,6 Sum: 27
subset:3,16,4 Sum: 23
subset:19,1,19 Sum: 39
subset:7,15,8 Sum: 30
Distance: 34
perfect sum: 32
subset:19,18,6 Sum: 43
subset:15,6,9 Sum: 30
subset:7,14,6 Sum: 27
subset:3,16,19 Sum: 38
subset:4,1,19 Sum: 24
subset:7,15,8 Sum: 30
Distance: 32
perfect sum: 32
subset:19,18,6 Sum: 43
subset:15,6,9 Sum: 30
subset:7,14,6 Sum: 27
subset:3,16,19 Sum: 38
subset:4,1,19 Sum: 24
subset:7,15,8 Sum: 30
Distance: 32
17 | Score distance: 32
perfect sum: 32
subset:19,18,6 Sum: 43
subset:15,6,9 Sum: 30
subset:7,14,6 Sum: 27
subset:3,19,16 Sum: 38
subset:4,1,19 Sum: 24
subset:7,15,8 Sum: 30
Distance: 32
perfect sum: 32
subset:19,18,6 Sum: 43
subset:15,6,9 Sum: 30
subset:7,14,6 Sum: 27
subset:3,16,19 Sum: 38
subset:4,1,19 Sum: 24
subset:7,15,8 Sum: 30
Distance: 32
perfect sum: 32
subset:19,18,6 Sum: 43
subset:15,6,9 Sum: 30
subset:7,14,6 Sum: 27
subset:3,19,16 Sum: 38
subset:4,1,19 Sum: 24
subset:7,15,8 Sum: 30
Distance: 32
18 | Score distance: 32
perfect sum: 32
subset:19,18,6 Sum: 43
subset:15,6,9 Sum: 30
subset:7,14,6 Sum: 27
subset:3,19,16 Sum: 38
subset:4,19,1 Sum: 24
subset:7,15,8 Sum: 30
Distance: 32
perfect sum: 32
subset:19,18,6 Sum: 43
subset:15,6,9 Sum: 30
subset:7,14,6 Sum: 27
subset:3,19,16 Sum: 38
subset:4,1,19 Sum: 24
subset:7,15,8 Sum: 30
Distance: 32
perfect sum: 32
subset:19,18,6 Sum: 43
subset:15,6,9 Sum: 30
subset:7,14,6 Sum: 27
subset:3,19,16 Sum: 38
subset:4,19,1 Sum: 24
subset:7,15,8 Sum: 30
Distance: 32
19 | Score distance: 32
perfect sum: 32
subset:18,19,6 Sum: 43
subset:15,6,9 Sum: 30
subset:7,14,6 Sum: 27
subset:3,19,16 Sum: 38
subset:4,19,1 Sum: 24
subset:7,15,8 Sum: 30
Distance: 32
perfect sum: 32
subset:19,18,6 Sum: 43
subset:15,6,9 Sum: 30
subset:7,14,6 Sum: 27
subset:3,19,16 Sum: 38
subset:4,19,1 Sum: 24
subset:7,15,8 Sum: 30
Distance: 32
perfect sum: 32
subset:18,19,6 Sum: 43
subset:15,6,9 Sum: 30
subset:7,14,6 Sum: 27
subset:3,19,16 Sum: 38
subset:4,19,1 Sum: 24
subset:7,15,8 Sum: 30
Distance: 32
20 | Score distance: 32
perfect sum: 32
subset:18,19,6 Sum: 43
subset:15,6,9 Sum: 30
subset:14,7,6 Sum: 27
subset:3,19,16 Sum: 38
subset:4,19,1 Sum: 24
subset:7,15,8 Sum: 30
Distance: 32
perfect sum: 32
subset:18,19,6 Sum: 43
subset:15,6,9 Sum: 30
subset:7,14,6 Sum: 27
subset:3,19,16 Sum: 38
subset:4,19,1 Sum: 24
subset:7,15,8 Sum: 30
Distance: 32
perfect sum: 32
subset:18,19,6 Sum: 43
subset:15,6,9 Sum: 30
subset:14,7,6 Sum: 27
subset:3,19,16 Sum: 38
subset:4,19,1 Sum: 24
subset:7,15,8 Sum: 30
Distance: 32
21 | Score distance: 32
perfect sum: 32
subset:18,19,15 Sum: 52
subset:6,6,9 Sum: 21
subset:14,7,6 Sum: 27
subset:3,19,16 Sum: 38
subset:4,19,1 Sum: 24
subset:7,15,8 Sum: 30
Distance: 52
perfect sum: 32
subset:18,19,6 Sum: 43
subset:15,6,9 Sum: 30
subset:14,7,6 Sum: 27
subset:3,19,16 Sum: 38
subset:4,19,1 Sum: 24
subset:7,15,8 Sum: 30
Distance: 32
perfect sum: 32
subset:18,19,6 Sum: 43
subset:15,6,9 Sum: 30
subset:14,7,6 Sum: 27
subset:3,19,16 Sum: 38
subset:4,19,1 Sum: 24
subset:7,15,8 Sum: 30
Distance: 32
22 | Score distance: 32
perfect sum: 32
subset:18,19,6 Sum: 43
subset:15,6,9 Sum: 30
subset:14,7,6 Sum: 27
subset:19,3,16 Sum: 38
subset:4,19,1 Sum: 24
subset:7,15,8 Sum: 30
Distance: 32
perfect sum: 32
subset:18,19,6 Sum: 43
subset:15,6,9 Sum: 30
subset:14,7,6 Sum: 27
subset:3,19,16 Sum: 38
subset:4,19,1 Sum: 24
subset:7,15,8 Sum: 30
Distance: 32
perfect sum: 32
subset:18,19,6 Sum: 43
subset:15,6,9 Sum: 30
subset:14,7,6 Sum: 27
subset:19,3,16 Sum: 38
subset:4,19,1 Sum: 24
subset:7,15,8 Sum: 30
Distance: 32
23 | Score distance: 32
perfect sum: 32
subset:18,19,6 Sum: 43
subset:15,6,9 Sum: 30
subset:14,7,19 Sum: 40
subset:6,3,16 Sum: 25
subset:4,19,1 Sum: 24
subset:7,15,8 Sum: 30
Distance: 36
perfect sum: 32
subset:18,19,6 Sum: 43
subset:15,6,9 Sum: 30
subset:14,7,6 Sum: 27
subset:19,3,16 Sum: 38
subset:4,19,1 Sum: 24
subset:7,15,8 Sum: 30
Distance: 32
perfect sum: 32
subset:18,19,6 Sum: 43
subset:15,6,9 Sum: 30
subset:14,7,6 Sum: 27
subset:19,3,16 Sum: 38
subset:4,19,1 Sum: 24
subset:7,15,8 Sum: 30
Distance: 32
24 | Score distance: 32
perfect sum: 32
subset:18,19,6 Sum: 43
subset:15,6,9 Sum: 30
subset:14,7,6 Sum: 27
subset:19,3,16 Sum: 38
subset:4,19,7 Sum: 30
subset:1,15,8 Sum: 24
Distance: 32
perfect sum: 32
subset:18,19,6 Sum: 43
subset:15,6,9 Sum: 30
subset:14,7,6 Sum: 27
subset:19,3,16 Sum: 38
subset:4,19,1 Sum: 24
subset:7,15,8 Sum: 30
Distance: 32
perfect sum: 32
subset:18,19,6 Sum: 43
subset:15,6,9 Sum: 30
subset:14,7,6 Sum: 27
subset:19,3,16 Sum: 38
subset:4,19,7 Sum: 30
subset:1,15,8 Sum: 24
Distance: 32
25 | Score distance: 32
perfect sum: 32
subset:18,6,19 Sum: 43
subset:15,6,9 Sum: 30
subset:14,7,6 Sum: 27
subset:19,3,16 Sum: 38
subset:4,19,7 Sum: 30
subset:1,15,8 Sum: 24
Distance: 32
perfect sum: 32
subset:18,19,6 Sum: 43
subset:15,6,9 Sum: 30
subset:14,7,6 Sum: 27
subset:19,3,16 Sum: 38
subset:4,19,7 Sum: 30
subset:1,15,8 Sum: 24
Distance: 32
perfect sum: 32
subset:18,6,19 Sum: 43
subset:15,6,9 Sum: 30
subset:14,7,6 Sum: 27
subset:19,3,16 Sum: 38
subset:4,19,7 Sum: 30
subset:1,15,8 Sum: 24
Distance: 32
26 | Score distance: 32
perfect sum: 32
subset:18,6,19 Sum: 43
subset:15,6,9 Sum: 30
subset:14,7,6 Sum: 27
subset:19,3,16 Sum: 38
subset:19,4,7 Sum: 30
subset:1,15,8 Sum: 24
Distance: 32
perfect sum: 32
subset:18,6,19 Sum: 43
subset:15,6,9 Sum: 30
subset:14,7,6 Sum: 27
subset:19,3,16 Sum: 38
subset:4,19,7 Sum: 30
subset:1,15,8 Sum: 24
Distance: 32
perfect sum: 32
subset:18,6,19 Sum: 43
subset:15,6,9 Sum: 30
subset:14,7,6 Sum: 27
subset:19,3,16 Sum: 38
subset:19,4,7 Sum: 30
subset:1,15,8 Sum: 24
Distance: 32
27 | Score distance: 32
perfect sum: 32
subset:18,6,19 Sum: 43
subset:6,15,9 Sum: 30
subset:14,7,6 Sum: 27
subset:19,3,16 Sum: 38
subset:19,4,7 Sum: 30
subset:1,15,8 Sum: 24
Distance: 32
perfect sum: 32
subset:18,6,19 Sum: 43
subset:15,6,9 Sum: 30
subset:14,7,6 Sum: 27
subset:19,3,16 Sum: 38
subset:19,4,7 Sum: 30
subset:1,15,8 Sum: 24
Distance: 32
perfect sum: 32
subset:18,6,19 Sum: 43
subset:6,15,9 Sum: 30
subset:14,7,6 Sum: 27
subset:19,3,16 Sum: 38
subset:19,4,7 Sum: 30
subset:1,15,8 Sum: 24
Distance: 32
28 | Score distance: 32
perfect sum: 32
subset:18,6,19 Sum: 43
subset:6,15,9 Sum: 30
subset:14,7,6 Sum: 27
subset:19,3,16 Sum: 38
subset:4,19,7 Sum: 30
subset:1,15,8 Sum: 24
Distance: 32
perfect sum: 32
subset:18,6,19 Sum: 43
subset:6,15,9 Sum: 30
subset:14,7,6 Sum: 27
subset:19,3,16 Sum: 38
subset:19,4,7 Sum: 30
subset:1,15,8 Sum: 24
Distance: 32
perfect sum: 32
subset:18,6,19 Sum: 43
subset:6,15,9 Sum: 30
subset:14,7,6 Sum: 27
subset:19,3,16 Sum: 38
subset:4,19,7 Sum: 30
subset:1,15,8 Sum: 24
Distance: 32
29 | Score distance: 32
perfect sum: 32
subset:18,6,19 Sum: 43
subset:6,15,9 Sum: 30
subset:14,7,6 Sum: 27
subset:19,3,16 Sum: 38
subset:4,19,7 Sum: 30
subset:1,8,15 Sum: 24
Distance: 32
perfect sum: 32
subset:18,6,19 Sum: 43
subset:6,15,9 Sum: 30
subset:14,7,6 Sum: 27
subset:19,3,16 Sum: 38
subset:4,19,7 Sum: 30
subset:1,15,8 Sum: 24
Distance: 32
perfect sum: 32
subset:18,6,19 Sum: 43
subset:6,15,9 Sum: 30
subset:14,7,6 Sum: 27
subset:19,3,16 Sum: 38
subset:4,19,7 Sum: 30
subset:1,8,15 Sum: 24
Distance: 32
30 | Score distance: 32
perfect sum: 32
subset:18,6,19 Sum: 43
subset:15,6,9 Sum: 30
subset:14,7,6 Sum: 27
subset:19,3,16 Sum: 38
subset:4,19,7 Sum: 30
subset:1,8,15 Sum: 24
Distance: 32
perfect sum: 32
subset:18,6,19 Sum: 43
subset:6,15,9 Sum: 30
subset:14,7,6 Sum: 27
subset:19,3,16 Sum: 38
subset:4,19,7 Sum: 30
subset:1,8,15 Sum: 24
Distance: 32
perfect sum: 32
subset:18,6,19 Sum: 43
subset:15,6,9 Sum: 30
subset:14,7,6 Sum: 27
subset:19,3,16 Sum: 38
subset:4,19,7 Sum: 30
subset:1,8,15 Sum: 24
Distance: 32
31 | Score distance: 32
perfect sum: 32
subset:18,6,19 Sum: 43
subset:15,6,9 Sum: 30
subset:14,7,6 Sum: 27
subset:19,3,16 Sum: 38
subset:4,7,19 Sum: 30
subset:1,8,15 Sum: 24
Distance: 32
perfect sum: 32
subset:18,6,19 Sum: 43
subset:15,6,9 Sum: 30
subset:14,7,6 Sum: 27
subset:19,3,16 Sum: 38
subset:4,19,7 Sum: 30
subset:1,8,15 Sum: 24
Distance: 32
perfect sum: 32
subset:18,6,19 Sum: 43
subset:15,6,9 Sum: 30
subset:14,7,6 Sum: 27
subset:19,3,16 Sum: 38
subset:4,7,19 Sum: 30
subset:1,8,15 Sum: 24
Distance: 32
32 | Score distance: 32
perfect sum: 32
subset:18,6,19 Sum: 43
subset:15,6,9 Sum: 30
subset:14,7,6 Sum: 27
subset:19,3,16 Sum: 38
subset:4,19,7 Sum: 30
subset:1,8,15 Sum: 24
Distance: 32
perfect sum: 32
subset:18,6,19 Sum: 43
subset:15,6,9 Sum: 30
subset:14,7,6 Sum: 27
subset:19,3,16 Sum: 38
subset:4,7,19 Sum: 30
subset:1,8,15 Sum: 24
Distance: 32
perfect sum: 32
subset:18,6,19 Sum: 43
subset:15,6,9 Sum: 30
subset:14,7,6 Sum: 27
subset:19,3,16 Sum: 38
subset:4,19,7 Sum: 30
subset:1,8,15 Sum: 24
Distance: 32
33 | Score distance: 32
perfect sum: 32
subset:18,6,19 Sum: 43
subset:15,6,9 Sum: 30
subset:14,7,6 Sum: 27
subset:19,3,16 Sum: 38
subset:4,19,1 Sum: 24
subset:7,8,15 Sum: 30
Distance: 32
perfect sum: 32
subset:18,6,19 Sum: 43
subset:15,6,9 Sum: 30
subset:14,7,6 Sum: 27
subset:19,3,16 Sum: 38
subset:4,19,7 Sum: 30
subset:1,8,15 Sum: 24
Distance: 32
perfect sum: 32
subset:18,6,19 Sum: 43
subset:15,6,9 Sum: 30
subset:14,7,6 Sum: 27
subset:19,3,16 Sum: 38
subset:4,19,1 Sum: 24
subset:7,8,15 Sum: 30
Distance: 32
34 | Score distance: 32
perfect sum: 32
subset:18,6,19 Sum: 43
subset:6,15,9 Sum: 30
subset:14,7,6 Sum: 27
subset:19,3,16 Sum: 38
subset:4,19,1 Sum: 24
subset:7,8,15 Sum: 30
Distance: 32
perfect sum: 32
subset:18,6,19 Sum: 43
subset:15,6,9 Sum: 30
subset:14,7,6 Sum: 27
subset:19,3,16 Sum: 38
subset:4,19,1 Sum: 24
subset:7,8,15 Sum: 30
Distance: 32
perfect sum: 32
subset:18,6,19 Sum: 43
subset:6,15,9 Sum: 30
subset:14,7,6 Sum: 27
subset:19,3,16 Sum: 38
subset:4,19,1 Sum: 24
subset:7,8,15 Sum: 30
Distance: 32
35 | Score distance: 32
perfect sum: 32
subset:18,6,6 Sum: 30
subset:19,15,9 Sum: 43
subset:14,7,6 Sum: 27
subset:19,3,16 Sum: 38
subset:4,19,1 Sum: 24
subset:7,8,15 Sum: 30
Distance: 32
perfect sum: 32
subset:18,6,19 Sum: 43
subset:6,15,9 Sum: 30
subset:14,7,6 Sum: 27
subset:19,3,16 Sum: 38
subset:4,19,1 Sum: 24
subset:7,8,15 Sum: 30
Distance: 32
perfect sum: 32
subset:18,6,6 Sum: 30
subset:19,15,9 Sum: 43
subset:14,7,6 Sum: 27
subset:19,3,16 Sum: 38
subset:4,19,1 Sum: 24
subset:7,8,15 Sum: 30
Distance: 32
36 | Score distance: 32
perfect sum: 32
subset:18,6,6 Sum: 30
subset:19,15,9 Sum: 43
subset:14,7,6 Sum: 27
subset:19,3,16 Sum: 38
subset:4,19,7 Sum: 30
subset:1,8,15 Sum: 24
Distance: 32
perfect sum: 32
subset:18,6,6 Sum: 30
subset:19,15,9 Sum: 43
subset:14,7,6 Sum: 27
subset:19,3,16 Sum: 38
subset:4,19,1 Sum: 24
subset:7,8,15 Sum: 30
Distance: 32
perfect sum: 32
subset:18,6,6 Sum: 30
subset:19,15,9 Sum: 43
subset:14,7,6 Sum: 27
subset:19,3,16 Sum: 38
subset:4,19,7 Sum: 30
subset:1,8,15 Sum: 24
Distance: 32
37 | Score distance: 32
perfect sum: 32
subset:18,6,6 Sum: 30
subset:19,15,9 Sum: 43
subset:14,6,7 Sum: 27
subset:19,3,16 Sum: 38
subset:4,19,7 Sum: 30
subset:1,8,15 Sum: 24
Distance: 32
perfect sum: 32
subset:18,6,6 Sum: 30
subset:19,15,9 Sum: 43
subset:14,7,6 Sum: 27
subset:19,3,16 Sum: 38
subset:4,19,7 Sum: 30
subset:1,8,15 Sum: 24
Distance: 32
perfect sum: 32
subset:18,6,6 Sum: 30
subset:19,15,9 Sum: 43
subset:14,6,7 Sum: 27
subset:19,3,16 Sum: 38
subset:4,19,7 Sum: 30
subset:1,8,15 Sum: 24
Distance: 32
38 | Score distance: 32
perfect sum: 32
subset:18,6,6 Sum: 30
subset:19,15,9 Sum: 43
subset:14,6,7 Sum: 27
subset:19,3,16 Sum: 38
subset:4,19,1 Sum: 24
subset:7,8,15 Sum: 30
Distance: 32
perfect sum: 32
subset:18,6,6 Sum: 30
subset:19,15,9 Sum: 43
subset:14,6,7 Sum: 27
subset:19,3,16 Sum: 38
subset:4,19,7 Sum: 30
subset:1,8,15 Sum: 24
Distance: 32
perfect sum: 32
subset:18,6,6 Sum: 30
subset:19,15,9 Sum: 43
subset:14,6,7 Sum: 27
subset:19,3,16 Sum: 38
subset:4,19,1 Sum: 24
subset:7,8,15 Sum: 30
Distance: 32
39 | Score distance: 32
perfect sum: 32
subset:18,6,6 Sum: 30
subset:19,15,9 Sum: 43
subset:14,6,7 Sum: 27
subset:19,3,16 Sum: 38
subset:4,19,1 Sum: 24
subset:8,7,15 Sum: 30
Distance: 32
perfect sum: 32
subset:18,6,6 Sum: 30
subset:19,15,9 Sum: 43
subset:14,6,7 Sum: 27
subset:19,3,16 Sum: 38
subset:4,19,1 Sum: 24
subset:7,8,15 Sum: 30
Distance: 32
perfect sum: 32
subset:18,6,6 Sum: 30
subset:19,15,9 Sum: 43
subset:14,6,7 Sum: 27
subset:19,3,16 Sum: 38
subset:4,19,1 Sum: 24
subset:8,7,15 Sum: 30
Distance: 32
40 | Score distance: 32
perfect sum: 32
subset:6,18,6 Sum: 30
subset:19,15,9 Sum: 43
subset:14,6,7 Sum: 27
subset:19,3,16 Sum: 38
subset:4,19,1 Sum: 24
subset:8,7,15 Sum: 30
Distance: 32
perfect sum: 32
subset:18,6,6 Sum: 30
subset:19,15,9 Sum: 43
subset:14,6,7 Sum: 27
subset:19,3,16 Sum: 38
subset:4,19,1 Sum: 24
subset:8,7,15 Sum: 30
Distance: 32
perfect sum: 32
subset:6,18,6 Sum: 30
subset:19,15,9 Sum: 43
subset:14,6,7 Sum: 27
subset:19,3,16 Sum: 38
subset:4,19,1 Sum: 24
subset:8,7,15 Sum: 30
Distance: 32
41 | Score distance: 32
perfect sum: 32
subset:6,18,6 Sum: 30
subset:19,15,9 Sum: 43
subset:14,6,7 Sum: 27
subset:19,16,3 Sum: 38
subset:4,19,1 Sum: 24
subset:8,7,15 Sum: 30
Distance: 32
perfect sum: 32
subset:6,18,6 Sum: 30
subset:19,15,9 Sum: 43
subset:14,6,7 Sum: 27
subset:19,3,16 Sum: 38
subset:4,19,1 Sum: 24
subset:8,7,15 Sum: 30
Distance: 32
perfect sum: 32
subset:6,18,6 Sum: 30
subset:19,15,9 Sum: 43
subset:14,6,7 Sum: 27
subset:19,16,3 Sum: 38
subset:4,19,1 Sum: 24
subset:8,7,15 Sum: 30
Distance: 32
42 | Score distance: 32
perfect sum: 32
subset:6,6,18 Sum: 30
subset:19,15,9 Sum: 43
subset:14,6,7 Sum: 27
subset:19,16,3 Sum: 38
subset:4,19,1 Sum: 24
subset:8,7,15 Sum: 30
Distance: 32
perfect sum: 32
subset:6,18,6 Sum: 30
subset:19,15,9 Sum: 43
subset:14,6,7 Sum: 27
subset:19,16,3 Sum: 38
subset:4,19,1 Sum: 24
subset:8,7,15 Sum: 30
Distance: 32
perfect sum: 32
subset:6,6,18 Sum: 30
subset:19,15,9 Sum: 43
subset:14,6,7 Sum: 27
subset:19,16,3 Sum: 38
subset:4,19,1 Sum: 24
subset:8,7,15 Sum: 30
Distance: 32
43 | Score distance: 32
perfect sum: 32
subset:6,6,18 Sum: 30
subset:19,15,9 Sum: 43
subset:14,6,7 Sum: 27
subset:19,16,3 Sum: 38
subset:4,19,1 Sum: 24
subset:8,15,7 Sum: 30
Distance: 32
perfect sum: 32
subset:6,6,18 Sum: 30
subset:19,15,9 Sum: 43
subset:14,6,7 Sum: 27
subset:19,16,3 Sum: 38
subset:4,19,1 Sum: 24
subset:8,7,15 Sum: 30
Distance: 32
perfect sum: 32
subset:6,6,18 Sum: 30
subset:19,15,9 Sum: 43
subset:14,6,7 Sum: 27
subset:19,16,3 Sum: 38
subset:4,19,1 Sum: 24
subset:8,15,7 Sum: 30
Distance: 32
44 | Score distance: 32
perfect sum: 32
subset:6,6,18 Sum: 30
subset:19,15,9 Sum: 43
subset:14,6,7 Sum: 27
subset:19,16,3 Sum: 38
subset:4,19,8 Sum: 31
subset:1,15,7 Sum: 23
Distance: 34
perfect sum: 32
subset:6,6,18 Sum: 30
subset:19,15,9 Sum: 43
subset:14,6,7 Sum: 27
subset:19,16,3 Sum: 38
subset:4,19,1 Sum: 24
subset:8,15,7 Sum: 30
Distance: 32
perfect sum: 32
subset:6,6,18 Sum: 30
subset:19,15,9 Sum: 43
subset:14,6,7 Sum: 27
subset:19,16,3 Sum: 38
subset:4,19,1 Sum: 24
subset:8,15,7 Sum: 30
Distance: 32
45 | Score distance: 32
perfect sum: 32
subset:6,6,18 Sum: 30
subset:19,15,9 Sum: 43
subset:6,14,7 Sum: 27
subset:19,16,3 Sum: 38
subset:4,19,1 Sum: 24
subset:8,15,7 Sum: 30
Distance: 32
perfect sum: 32
subset:6,6,18 Sum: 30
subset:19,15,9 Sum: 43
subset:14,6,7 Sum: 27
subset:19,16,3 Sum: 38
subset:4,19,1 Sum: 24
subset:8,15,7 Sum: 30
Distance: 32
perfect sum: 32
subset:6,6,18 Sum: 30
subset:19,15,9 Sum: 43
subset:6,14,7 Sum: 27
subset:19,16,3 Sum: 38
subset:4,19,1 Sum: 24
subset:8,15,7 Sum: 30
Distance: 32
46 | Score distance: 32
perfect sum: 32
subset:6,6,18 Sum: 30
subset:19,15,9 Sum: 43
subset:6,14,7 Sum: 27
subset:19,16,4 Sum: 39
subset:3,19,1 Sum: 23
subset:8,15,7 Sum: 30
Distance: 34
perfect sum: 32
subset:6,6,18 Sum: 30
subset:19,15,9 Sum: 43
subset:6,14,7 Sum: 27
subset:19,16,3 Sum: 38
subset:4,19,1 Sum: 24
subset:8,15,7 Sum: 30
Distance: 32
perfect sum: 32
subset:6,6,18 Sum: 30
subset:19,15,9 Sum: 43
subset:6,14,7 Sum: 27
subset:19,16,3 Sum: 38
subset:4,19,1 Sum: 24
subset:8,15,7 Sum: 30
Distance: 32
47 | Score distance: 32
perfect sum: 32
subset:6,6,18 Sum: 30
subset:19,15,9 Sum: 43
subset:14,6,7 Sum: 27
subset:19,16,3 Sum: 38
subset:4,19,1 Sum: 24
subset:8,15,7 Sum: 30
Distance: 32
perfect sum: 32
subset:6,6,18 Sum: 30
subset:19,15,9 Sum: 43
subset:6,14,7 Sum: 27
subset:19,16,3 Sum: 38
subset:4,19,1 Sum: 24
subset:8,15,7 Sum: 30
Distance: 32
perfect sum: 32
subset:6,6,18 Sum: 30
subset:19,15,9 Sum: 43
subset:14,6,7 Sum: 27
subset:19,16,3 Sum: 38
subset:4,19,1 Sum: 24
subset:8,15,7 Sum: 30
Distance: 32
48 | Score distance: 32
perfect sum: 32
subset:6,6,18 Sum: 30
subset:19,15,9 Sum: 43
subset:14,6,7 Sum: 27
subset:19,3,16 Sum: 38
subset:4,19,1 Sum: 24
subset:8,15,7 Sum: 30
Distance: 32
perfect sum: 32
subset:6,6,18 Sum: 30
subset:19,15,9 Sum: 43
subset:14,6,7 Sum: 27
subset:19,16,3 Sum: 38
subset:4,19,1 Sum: 24
subset:8,15,7 Sum: 30
Distance: 32
perfect sum: 32
subset:6,6,18 Sum: 30
subset:19,15,9 Sum: 43
subset:14,6,7 Sum: 27
subset:19,3,16 Sum: 38
subset:4,19,1 Sum: 24
subset:8,15,7 Sum: 30
Distance: 32
49 | Score distance: 32
perfect sum: 32
subset:6,6,19 Sum: 31
subset:18,15,9 Sum: 42
subset:14,6,7 Sum: 27
subset:19,3,16 Sum: 38
subset:4,19,1 Sum: 24
subset:8,15,7 Sum: 30
Distance: 32
perfect sum: 32
subset:6,6,18 Sum: 30
subset:19,15,9 Sum: 43
subset:14,6,7 Sum: 27
subset:19,3,16 Sum: 38
subset:4,19,1 Sum: 24
subset:8,15,7 Sum: 30
Distance: 32
perfect sum: 32
subset:6,6,19 Sum: 31
subset:18,15,9 Sum: 42
subset:14,6,7 Sum: 27
subset:19,3,16 Sum: 38
subset:4,19,1 Sum: 24
subset:8,15,7 Sum: 30
Distance: 32
50 | Score distance: 32
perfect sum: 32
subset:6,6,19 Sum: 31
subset:18,15,9 Sum: 42
subset:6,14,7 Sum: 27
subset:19,3,16 Sum: 38
subset:4,19,1 Sum: 24
subset:8,15,7 Sum: 30
Distance: 32
perfect sum: 32
subset:6,6,19 Sum: 31
subset:18,15,9 Sum: 42
subset:14,6,7 Sum: 27
subset:19,3,16 Sum: 38
subset:4,19,1 Sum: 24
subset:8,15,7 Sum: 30
Distance: 32
perfect sum: 32
subset:6,6,19 Sum: 31
subset:18,15,9 Sum: 42
subset:6,14,7 Sum: 27
subset:19,3,16 Sum: 38
subset:4,19,1 Sum: 24
subset:8,15,7 Sum: 30
Distance: 32
51 | Score distance: 32
perfect sum: 32
subset:6,6,19 Sum: 31
subset:18,15,6 Sum: 39
subset:9,14,7 Sum: 30
subset:19,3,16 Sum: 38
subset:4,19,1 Sum: 24
subset:8,15,7 Sum: 30
Distance: 24
perfect sum: 32
subset:6,6,19 Sum: 31
subset:18,15,9 Sum: 42
subset:6,14,7 Sum: 27
subset:19,3,16 Sum: 38
subset:4,19,1 Sum: 24
subset:8,15,7 Sum: 30
Distance: 32
perfect sum: 32
subset:6,6,19 Sum: 31
subset:18,15,6 Sum: 39
subset:9,14,7 Sum: 30
subset:19,3,16 Sum: 38
subset:4,19,1 Sum: 24
subset:8,15,7 Sum: 30
Distance: 24
52 | Score distance: 24
perfect sum: 32
subset:6,6,19 Sum: 31
subset:15,18,6 Sum: 39
subset:9,14,7 Sum: 30
subset:19,3,16 Sum: 38
subset:4,19,1 Sum: 24
subset:8,15,7 Sum: 30
Distance: 24
perfect sum: 32
subset:6,6,19 Sum: 31
subset:18,15,6 Sum: 39
subset:9,14,7 Sum: 30
subset:19,3,16 Sum: 38
subset:4,19,1 Sum: 24
subset:8,15,7 Sum: 30
Distance: 24
perfect sum: 32
subset:6,6,19 Sum: 31
subset:15,18,6 Sum: 39
subset:9,14,7 Sum: 30
subset:19,3,16 Sum: 38
subset:4,19,1 Sum: 24
subset:8,15,7 Sum: 30
Distance: 24
53 | Score distance: 24
perfect sum: 32
subset:6,6,19 Sum: 31
subset:15,18,6 Sum: 39
subset:9,14,7 Sum: 30
subset:3,19,16 Sum: 38
subset:4,19,1 Sum: 24
subset:8,15,7 Sum: 30
Distance: 24
perfect sum: 32
subset:6,6,19 Sum: 31
subset:15,18,6 Sum: 39
subset:9,14,7 Sum: 30
subset:19,3,16 Sum: 38
subset:4,19,1 Sum: 24
subset:8,15,7 Sum: 30
Distance: 24
perfect sum: 32
subset:6,6,19 Sum: 31
subset:15,18,6 Sum: 39
subset:9,14,7 Sum: 30
subset:3,19,16 Sum: 38
subset:4,19,1 Sum: 24
subset:8,15,7 Sum: 30
Distance: 24
54 | Score distance: 24
perfect sum: 32
subset:6,6,19 Sum: 31
subset:15,18,6 Sum: 39
subset:9,7,14 Sum: 30
subset:3,19,16 Sum: 38
subset:4,19,1 Sum: 24
subset:8,15,7 Sum: 30
Distance: 24
perfect sum: 32
subset:6,6,19 Sum: 31
subset:15,18,6 Sum: 39
subset:9,14,7 Sum: 30
subset:3,19,16 Sum: 38
subset:4,19,1 Sum: 24
subset:8,15,7 Sum: 30
Distance: 24
perfect sum: 32
subset:6,6,19 Sum: 31
subset:15,18,6 Sum: 39
subset:9,7,14 Sum: 30
subset:3,19,16 Sum: 38
subset:4,19,1 Sum: 24
subset:8,15,7 Sum: 30
Distance: 24
55 | Score distance: 24
perfect sum: 32
subset:6,6,19 Sum: 31
subset:15,18,6 Sum: 39
subset:9,7,14 Sum: 30
subset:3,19,16 Sum: 38
subset:19,4,1 Sum: 24
subset:8,15,7 Sum: 30
Distance: 24
perfect sum: 32
subset:6,6,19 Sum: 31
subset:15,18,6 Sum: 39
subset:9,7,14 Sum: 30
subset:3,19,16 Sum: 38
subset:4,19,1 Sum: 24
subset:8,15,7 Sum: 30
Distance: 24
perfect sum: 32
subset:6,6,19 Sum: 31
subset:15,18,6 Sum: 39
subset:9,7,14 Sum: 30
subset:3,19,16 Sum: 38
subset:19,4,1 Sum: 24
subset:8,15,7 Sum: 30
Distance: 24
56 | Score distance: 24
perfect sum: 32
subset:6,6,19 Sum: 31
subset:15,18,6 Sum: 39
subset:9,7,14 Sum: 30
subset:3,16,19 Sum: 38
subset:19,4,1 Sum: 24
subset:8,15,7 Sum: 30
Distance: 24
perfect sum: 32
subset:6,6,19 Sum: 31
subset:15,18,6 Sum: 39
subset:9,7,14 Sum: 30
subset:3,19,16 Sum: 38
subset:19,4,1 Sum: 24
subset:8,15,7 Sum: 30
Distance: 24
perfect sum: 32
subset:6,6,19 Sum: 31
subset:15,18,6 Sum: 39
subset:9,7,14 Sum: 30
subset:3,16,19 Sum: 38
subset:19,4,1 Sum: 24
subset:8,15,7 Sum: 30
Distance: 24
57 | Score distance: 24
perfect sum: 32
subset:6,6,19 Sum: 31
subset:15,6,18 Sum: 39
subset:9,7,14 Sum: 30
subset:3,16,19 Sum: 38
subset:19,4,1 Sum: 24
subset:8,15,7 Sum: 30
Distance: 24
perfect sum: 32
subset:6,6,19 Sum: 31
subset:15,18,6 Sum: 39
subset:9,7,14 Sum: 30
subset:3,16,19 Sum: 38
subset:19,4,1 Sum: 24
subset:8,15,7 Sum: 30
Distance: 24
perfect sum: 32
subset:6,6,19 Sum: 31
subset:15,6,18 Sum: 39
subset:9,7,14 Sum: 30
subset:3,16,19 Sum: 38
subset:19,4,1 Sum: 24
subset:8,15,7 Sum: 30
Distance: 24
58 | Score distance: 24
perfect sum: 32
subset:6,19,6 Sum: 31
subset:15,6,18 Sum: 39
subset:9,7,14 Sum: 30
subset:3,16,19 Sum: 38
subset:19,4,1 Sum: 24
subset:8,15,7 Sum: 30
Distance: 24
perfect sum: 32
subset:6,6,19 Sum: 31
subset:15,6,18 Sum: 39
subset:9,7,14 Sum: 30
subset:3,16,19 Sum: 38
subset:19,4,1 Sum: 24
subset:8,15,7 Sum: 30
Distance: 24
perfect sum: 32
subset:6,19,6 Sum: 31
subset:15,6,18 Sum: 39
subset:9,7,14 Sum: 30
subset:3,16,19 Sum: 38
subset:19,4,1 Sum: 24
subset:8,15,7 Sum: 30
Distance: 24
59 | Score distance: 24
perfect sum: 32
subset:6,19,6 Sum: 31
subset:15,6,18 Sum: 39
subset:9,7,14 Sum: 30
subset:3,16,19 Sum: 38
subset:19,4,1 Sum: 24
subset:15,8,7 Sum: 30
Distance: 24
perfect sum: 32
subset:6,19,6 Sum: 31
subset:15,6,18 Sum: 39
subset:9,7,14 Sum: 30
subset:3,16,19 Sum: 38
subset:19,4,1 Sum: 24
subset:8,15,7 Sum: 30
Distance: 24
perfect sum: 32
subset:6,19,6 Sum: 31
subset:15,6,18 Sum: 39
subset:9,7,14 Sum: 30
subset:3,16,19 Sum: 38
subset:19,4,1 Sum: 24
subset:15,8,7 Sum: 30
Distance: 24
60 | Score distance: 24
perfect sum: 32
subset:6,19,6 Sum: 31
subset:15,6,18 Sum: 39
subset:9,7,14 Sum: 30
subset:3,16,19 Sum: 38
subset:4,19,1 Sum: 24
subset:15,8,7 Sum: 30
Distance: 24
perfect sum: 32
subset:6,19,6 Sum: 31
subset:15,6,18 Sum: 39
subset:9,7,14 Sum: 30
subset:3,16,19 Sum: 38
subset:19,4,1 Sum: 24
subset:15,8,7 Sum: 30
Distance: 24
perfect sum: 32
subset:6,19,6 Sum: 31
subset:15,6,18 Sum: 39
subset:9,7,14 Sum: 30
subset:3,16,19 Sum: 38
subset:4,19,1 Sum: 24
subset:15,8,7 Sum: 30
Distance: 24
61 | Score distance: 24
perfect sum: 32
subset:6,19,6 Sum: 31
subset:15,6,18 Sum: 39
subset:9,7,14 Sum: 30
subset:3,19,16 Sum: 38
subset:4,19,1 Sum: 24
subset:15,8,7 Sum: 30
Distance: 24
perfect sum: 32
subset:6,19,6 Sum: 31
subset:15,6,18 Sum: 39
subset:9,7,14 Sum: 30
subset:3,16,19 Sum: 38
subset:4,19,1 Sum: 24
subset:15,8,7 Sum: 30
Distance: 24
perfect sum: 32
subset:6,19,6 Sum: 31
subset:15,6,18 Sum: 39
subset:9,7,14 Sum: 30
subset:3,19,16 Sum: 38
subset:4,19,1 Sum: 24
subset:15,8,7 Sum: 30
Distance: 24
62 | Score distance: 24
perfect sum: 32
subset:6,19,6 Sum: 31
subset:6,15,18 Sum: 39
subset:9,7,14 Sum: 30
subset:3,19,16 Sum: 38
subset:4,19,1 Sum: 24
subset:15,8,7 Sum: 30
Distance: 24
perfect sum: 32
subset:6,19,6 Sum: 31
subset:15,6,18 Sum: 39
subset:9,7,14 Sum: 30
subset:3,19,16 Sum: 38
subset:4,19,1 Sum: 24
subset:15,8,7 Sum: 30
Distance: 24
perfect sum: 32
subset:6,19,6 Sum: 31
subset:6,15,18 Sum: 39
subset:9,7,14 Sum: 30
subset:3,19,16 Sum: 38
subset:4,19,1 Sum: 24
subset:15,8,7 Sum: 30
Distance: 24
63 | Score distance: 24
perfect sum: 32
subset:19,6,6 Sum: 31
subset:6,15,18 Sum: 39
subset:9,7,14 Sum: 30
subset:3,19,16 Sum: 38
subset:4,19,1 Sum: 24
subset:15,8,7 Sum: 30
Distance: 24
perfect sum: 32
subset:6,19,6 Sum: 31
subset:6,15,18 Sum: 39
subset:9,7,14 Sum: 30
subset:3,19,16 Sum: 38
subset:4,19,1 Sum: 24
subset:15,8,7 Sum: 30
Distance: 24
perfect sum: 32
subset:19,6,6 Sum: 31
subset:6,15,18 Sum: 39
subset:9,7,14 Sum: 30
subset:3,19,16 Sum: 38
subset:4,19,1 Sum: 24
subset:15,8,7 Sum: 30
Distance: 24
64 | Score distance: 24
perfect sum: 32
subset:19,6,6 Sum: 31
subset:6,15,9 Sum: 30
subset:18,7,14 Sum: 39
subset:3,19,16 Sum: 38
subset:4,19,1 Sum: 24
subset:15,8,7 Sum: 30
Distance: 24
perfect sum: 32
subset:19,6,6 Sum: 31
subset:6,15,18 Sum: 39
subset:9,7,14 Sum: 30
subset:3,19,16 Sum: 38
subset:4,19,1 Sum: 24
subset:15,8,7 Sum: 30
Distance: 24
perfect sum: 32
subset:19,6,6 Sum: 31
subset:6,15,9 Sum: 30
subset:18,7,14 Sum: 39
subset:3,19,16 Sum: 38
subset:4,19,1 Sum: 24
subset:15,8,7 Sum: 30
Distance: 24
65 | Score distance: 24
perfect sum: 32
subset:6,19,6 Sum: 31
subset:6,15,9 Sum: 30
subset:18,7,14 Sum: 39
subset:3,19,16 Sum: 38
subset:4,19,1 Sum: 24
subset:15,8,7 Sum: 30
Distance: 24
perfect sum: 32
subset:19,6,6 Sum: 31
subset:6,15,9 Sum: 30
subset:18,7,14 Sum: 39
subset:3,19,16 Sum: 38
subset:4,19,1 Sum: 24
subset:15,8,7 Sum: 30
Distance: 24
perfect sum: 32
subset:6,19,6 Sum: 31
subset:6,15,9 Sum: 30
subset:18,7,14 Sum: 39
subset:3,19,16 Sum: 38
subset:4,19,1 Sum: 24
subset:15,8,7 Sum: 30
Distance: 24
66 | Score distance: 24
perfect sum: 32
subset:6,19,6 Sum: 31
subset:6,15,9 Sum: 30
subset:18,7,14 Sum: 39
subset:19,3,16 Sum: 38
subset:4,19,1 Sum: 24
subset:15,8,7 Sum: 30
Distance: 24
perfect sum: 32
subset:6,19,6 Sum: 31
subset:6,15,9 Sum: 30
subset:18,7,14 Sum: 39
subset:3,19,16 Sum: 38
subset:4,19,1 Sum: 24
subset:15,8,7 Sum: 30
Distance: 24
perfect sum: 32
subset:6,19,6 Sum: 31
subset:6,15,9 Sum: 30
subset:18,7,14 Sum: 39
subset:19,3,16 Sum: 38
subset:4,19,1 Sum: 24
subset:15,8,7 Sum: 30
Distance: 24
67 | Score distance: 24
perfect sum: 32
subset:6,19,6 Sum: 31
subset:6,15,9 Sum: 30
subset:18,7,19 Sum: 44
subset:14,3,16 Sum: 33
subset:4,19,1 Sum: 24
subset:15,8,7 Sum: 30
Distance: 24
perfect sum: 32
subset:6,19,6 Sum: 31
subset:6,15,9 Sum: 30
subset:18,7,14 Sum: 39
subset:19,3,16 Sum: 38
subset:4,19,1 Sum: 24
subset:15,8,7 Sum: 30
Distance: 24
perfect sum: 32
subset:6,19,6 Sum: 31
subset:6,15,9 Sum: 30
subset:18,7,19 Sum: 44
subset:14,3,16 Sum: 33
subset:4,19,1 Sum: 24
subset:15,8,7 Sum: 30
Distance: 24
68 | Score distance: 24
perfect sum: 32
subset:6,19,6 Sum: 31
subset:6,15,9 Sum: 30
subset:18,7,19 Sum: 44
subset:14,3,16 Sum: 33
subset:4,1,19 Sum: 24
subset:15,8,7 Sum: 30
Distance: 24
perfect sum: 32
subset:6,19,6 Sum: 31
subset:6,15,9 Sum: 30
subset:18,7,19 Sum: 44
subset:14,3,16 Sum: 33
subset:4,19,1 Sum: 24
subset:15,8,7 Sum: 30
Distance: 24
perfect sum: 32
subset:6,19,6 Sum: 31
subset:6,15,9 Sum: 30
subset:18,7,19 Sum: 44
subset:14,3,16 Sum: 33
subset:4,1,19 Sum: 24
subset:15,8,7 Sum: 30
Distance: 24
69 | Score distance: 24
perfect sum: 32
subset:6,19,6 Sum: 31
subset:6,15,9 Sum: 30
subset:18,7,19 Sum: 44
subset:14,16,3 Sum: 33
subset:4,1,19 Sum: 24
subset:15,8,7 Sum: 30
Distance: 24
perfect sum: 32
subset:6,19,6 Sum: 31
subset:6,15,9 Sum: 30
subset:18,7,19 Sum: 44
subset:14,3,16 Sum: 33
subset:4,1,19 Sum: 24
subset:15,8,7 Sum: 30
Distance: 24
perfect sum: 32
subset:6,19,6 Sum: 31
subset:6,15,9 Sum: 30
subset:18,7,19 Sum: 44
subset:14,16,3 Sum: 33
subset:4,1,19 Sum: 24
subset:15,8,7 Sum: 30
Distance: 24
70 | Score distance: 24
perfect sum: 32
subset:6,19,6 Sum: 31
subset:6,15,9 Sum: 30
subset:18,7,19 Sum: 44
subset:14,16,3 Sum: 33
subset:4,1,19 Sum: 24
subset:8,15,7 Sum: 30
Distance: 24
perfect sum: 32
subset:6,19,6 Sum: 31
subset:6,15,9 Sum: 30
subset:18,7,19 Sum: 44
subset:14,16,3 Sum: 33
subset:4,1,19 Sum: 24
subset:15,8,7 Sum: 30
Distance: 24
perfect sum: 32
subset:6,19,6 Sum: 31
subset:6,15,9 Sum: 30
subset:18,7,19 Sum: 44
subset:14,16,3 Sum: 33
subset:4,1,19 Sum: 24
subset:8,15,7 Sum: 30
Distance: 24
71 | Score distance: 24
perfect sum: 32
subset:6,19,6 Sum: 31
subset:6,15,9 Sum: 30
subset:18,7,19 Sum: 44
subset:14,16,4 Sum: 34
subset:3,1,19 Sum: 23
subset:8,15,7 Sum: 30
Distance: 26
perfect sum: 32
subset:6,19,6 Sum: 31
subset:6,15,9 Sum: 30
subset:18,7,19 Sum: 44
subset:14,16,3 Sum: 33
subset:4,1,19 Sum: 24
subset:8,15,7 Sum: 30
Distance: 24
perfect sum: 32
subset:6,19,6 Sum: 31
subset:6,15,9 Sum: 30
subset:18,7,19 Sum: 44
subset:14,16,3 Sum: 33
subset:4,1,19 Sum: 24
subset:8,15,7 Sum: 30
Distance: 24
72 | Score distance: 24
perfect sum: 32
subset:6,19,6 Sum: 31
subset:6,15,9 Sum: 30
subset:18,7,19 Sum: 44
subset:14,16,3 Sum: 33
subset:1,4,19 Sum: 24
subset:8,15,7 Sum: 30
Distance: 24
perfect sum: 32
subset:6,19,6 Sum: 31
subset:6,15,9 Sum: 30
subset:18,7,19 Sum: 44
subset:14,16,3 Sum: 33
subset:4,1,19 Sum: 24
subset:8,15,7 Sum: 30
Distance: 24
perfect sum: 32
subset:6,19,6 Sum: 31
subset:6,15,9 Sum: 30
subset:18,7,19 Sum: 44
subset:14,16,3 Sum: 33
subset:1,4,19 Sum: 24
subset:8,15,7 Sum: 30
Distance: 24
73 | Score distance: 24
perfect sum: 32
subset:6,19,6 Sum: 31
subset:6,15,9 Sum: 30
subset:18,7,19 Sum: 44
subset:14,16,3 Sum: 33
subset:1,4,19 Sum: 24
subset:8,15,7 Sum: 30
Distance: 24
perfect sum: 32
subset:6,19,6 Sum: 31
subset:6,15,9 Sum: 30
subset:18,7,19 Sum: 44
subset:14,16,3 Sum: 33
subset:1,4,19 Sum: 24
subset:8,15,7 Sum: 30
Distance: 24
perfect sum: 32
subset:6,19,6 Sum: 31
subset:6,15,9 Sum: 30
subset:18,7,19 Sum: 44
subset:14,16,3 Sum: 33
subset:1,4,19 Sum: 24
subset:8,15,7 Sum: 30
Distance: 24
74 | Score distance: 24
perfect sum: 32
subset:6,19,6 Sum: 31
subset:6,9,15 Sum: 30
subset:18,7,19 Sum: 44
subset:14,16,3 Sum: 33
subset:1,4,19 Sum: 24
subset:8,15,7 Sum: 30
Distance: 24
perfect sum: 32
subset:6,19,6 Sum: 31
subset:6,15,9 Sum: 30
subset:18,7,19 Sum: 44
subset:14,16,3 Sum: 33
subset:1,4,19 Sum: 24
subset:8,15,7 Sum: 30
Distance: 24
perfect sum: 32
subset:6,19,6 Sum: 31
subset:6,9,15 Sum: 30
subset:18,7,19 Sum: 44
subset:14,16,3 Sum: 33
subset:1,4,19 Sum: 24
subset:8,15,7 Sum: 30
Distance: 24
