problem iterations were set to 300
generating problem 
random lenght number:  16
random lenght number:  11
random lenght number:  18
generated problem lenght is:  18
Proposed problem:  [15, 15, 18, 3, 11, 1, 14, 16, 15, 6, 6, 4, 8, 8, 10, 11, 15, 15]
Proposed above problem does not qualify for calculations
Proposed problem:  [8, 11, 17, 17, 1, 9, 17, 14, 12, 7, 17, 12, 9, 1, 8, 12, 19, 7]
Our problem:  [8, 11, 17, 17, 1, 9, 17, 14, 12, 7, 17, 12, 9, 1, 8, 12, 19, 7]
hillClimbingDeterministic chosen 
perfect sum: 33
subset:12,17,7 Sum: 36
subset:14,19,9 Sum: 42
subset:17,12,17 Sum: 46
subset:9,1,1 Sum: 11
subset:8,11,12 Sum: 31
subset:8,17,7 Sum: 32
Distance: 50
perfect sum: 33
subset:17,12,7 Sum: 36
subset:14,19,9 Sum: 42
subset:17,12,17 Sum: 46
subset:9,1,1 Sum: 11
subset:8,11,12 Sum: 31
subset:8,17,7 Sum: 32
Distance: 50
perfect sum: 33
subset:12,7,17 Sum: 36
subset:14,19,9 Sum: 42
subset:17,12,17 Sum: 46
subset:9,1,1 Sum: 11
subset:8,11,12 Sum: 31
subset:8,17,7 Sum: 32
Distance: 50
perfect sum: 33
subset:12,17,7 Sum: 36
subset:14,19,9 Sum: 42
subset:17,12,17 Sum: 46
subset:9,1,1 Sum: 11
subset:8,11,12 Sum: 31
subset:8,17,7 Sum: 32
Distance: 50
perfect sum: 33
subset:12,7,14 Sum: 33
subset:17,19,9 Sum: 45
subset:17,12,17 Sum: 46
subset:9,1,1 Sum: 11
subset:8,11,12 Sum: 31
subset:8,17,7 Sum: 32
Distance: 50
perfect sum: 33
subset:12,7,17 Sum: 36
subset:14,19,9 Sum: 42
subset:17,12,17 Sum: 46
subset:9,1,1 Sum: 11
subset:8,11,12 Sum: 31
subset:8,17,7 Sum: 32
Distance: 50
perfect sum: 33
subset:12,7,14 Sum: 33
subset:19,17,9 Sum: 45
subset:17,12,17 Sum: 46
subset:9,1,1 Sum: 11
subset:8,11,12 Sum: 31
subset:8,17,7 Sum: 32
Distance: 50
perfect sum: 33
subset:12,7,14 Sum: 33
subset:17,19,9 Sum: 45
subset:17,12,17 Sum: 46
subset:9,1,1 Sum: 11
subset:8,11,12 Sum: 31
subset:8,17,7 Sum: 32
Distance: 50
perfect sum: 33
subset:12,7,14 Sum: 33
subset:19,9,17 Sum: 45
subset:17,12,17 Sum: 46
subset:9,1,1 Sum: 11
subset:8,11,12 Sum: 31
subset:8,17,7 Sum: 32
Distance: 50
perfect sum: 33
subset:12,7,14 Sum: 33
subset:19,17,9 Sum: 45
subset:17,12,17 Sum: 46
subset:9,1,1 Sum: 11
subset:8,11,12 Sum: 31
subset:8,17,7 Sum: 32
Distance: 50
perfect sum: 33
subset:12,7,14 Sum: 33
subset:19,9,17 Sum: 45
subset:17,12,17 Sum: 46
subset:9,1,1 Sum: 11
subset:8,11,12 Sum: 31
subset:8,17,7 Sum: 32
Distance: 50
perfect sum: 33
subset:12,7,14 Sum: 33
subset:19,9,17 Sum: 45
subset:17,12,17 Sum: 46
subset:9,1,1 Sum: 11
subset:8,11,12 Sum: 31
subset:8,17,7 Sum: 32
Distance: 50
perfect sum: 33
subset:12,7,14 Sum: 33
subset:19,9,17 Sum: 45
subset:12,17,17 Sum: 46
subset:9,1,1 Sum: 11
subset:8,11,12 Sum: 31
subset:8,17,7 Sum: 32
Distance: 50
perfect sum: 33
subset:12,7,14 Sum: 33
subset:19,9,17 Sum: 45
subset:17,12,17 Sum: 46
subset:9,1,1 Sum: 11
subset:8,11,12 Sum: 31
subset:8,17,7 Sum: 32
Distance: 50
perfect sum: 33
subset:12,7,14 Sum: 33
subset:19,9,17 Sum: 45
subset:12,17,17 Sum: 46
subset:9,1,1 Sum: 11
subset:8,11,12 Sum: 31
subset:8,17,7 Sum: 32
Distance: 50
perfect sum: 33
subset:12,7,14 Sum: 33
subset:19,9,17 Sum: 45
subset:12,17,17 Sum: 46
subset:9,1,1 Sum: 11
subset:8,11,12 Sum: 31
subset:8,17,7 Sum: 32
Distance: 50
perfect sum: 33
subset:12,7,14 Sum: 33
subset:19,9,17 Sum: 45
subset:12,17,9 Sum: 38
subset:17,1,1 Sum: 19
subset:8,11,12 Sum: 31
subset:8,17,7 Sum: 32
Distance: 34
perfect sum: 33
subset:12,7,14 Sum: 33
subset:19,9,17 Sum: 45
subset:12,17,17 Sum: 46
subset:9,1,1 Sum: 11
subset:8,11,12 Sum: 31
subset:8,17,7 Sum: 32
Distance: 50
perfect sum: 33
subset:12,7,14 Sum: 33
subset:19,9,17 Sum: 45
subset:12,17,9 Sum: 38
subset:1,17,1 Sum: 19
subset:8,11,12 Sum: 31
subset:8,17,7 Sum: 32
Distance: 34
perfect sum: 33
subset:12,7,14 Sum: 33
subset:19,9,17 Sum: 45
subset:12,17,9 Sum: 38
subset:17,1,1 Sum: 19
subset:8,11,12 Sum: 31
subset:8,17,7 Sum: 32
Distance: 34
perfect sum: 33
subset:12,7,14 Sum: 33
subset:19,9,17 Sum: 45
subset:12,17,9 Sum: 38
subset:1,1,17 Sum: 19
subset:8,11,12 Sum: 31
subset:8,17,7 Sum: 32
Distance: 34
perfect sum: 33
subset:12,7,14 Sum: 33
subset:19,9,17 Sum: 45
subset:12,17,9 Sum: 38
subset:1,17,1 Sum: 19
subset:8,11,12 Sum: 31
subset:8,17,7 Sum: 32
Distance: 34
perfect sum: 33
subset:12,7,14 Sum: 33
subset:19,9,17 Sum: 45
subset:12,17,9 Sum: 38
subset:1,1,8 Sum: 10
subset:17,11,12 Sum: 40
subset:8,17,7 Sum: 32
Distance: 48
perfect sum: 33
subset:12,7,14 Sum: 33
subset:19,9,17 Sum: 45
subset:12,17,9 Sum: 38
subset:1,1,17 Sum: 19
subset:8,11,12 Sum: 31
subset:8,17,7 Sum: 32
Distance: 34
perfect sum: 33
subset:12,7,14 Sum: 33
subset:19,9,17 Sum: 45
subset:12,17,9 Sum: 38
subset:1,1,17 Sum: 19
subset:11,8,12 Sum: 31
subset:8,17,7 Sum: 32
Distance: 34
perfect sum: 33
subset:12,7,14 Sum: 33
subset:19,9,17 Sum: 45
subset:12,17,9 Sum: 38
subset:1,1,17 Sum: 19
subset:8,11,12 Sum: 31
subset:8,17,7 Sum: 32
Distance: 34
perfect sum: 33
subset:12,7,14 Sum: 33
subset:19,9,17 Sum: 45
subset:12,17,9 Sum: 38
subset:1,1,17 Sum: 19
subset:11,12,8 Sum: 31
subset:8,17,7 Sum: 32
Distance: 34
perfect sum: 33
subset:12,7,14 Sum: 33
subset:19,9,17 Sum: 45
subset:12,17,9 Sum: 38
subset:1,1,17 Sum: 19
subset:11,8,12 Sum: 31
subset:8,17,7 Sum: 32
Distance: 34
perfect sum: 33
subset:12,7,14 Sum: 33
subset:19,9,17 Sum: 45
subset:12,17,9 Sum: 38
subset:1,1,17 Sum: 19
subset:11,12,8 Sum: 31
subset:8,17,7 Sum: 32
Distance: 34
perfect sum: 33
subset:12,7,14 Sum: 33
subset:19,9,17 Sum: 45
subset:12,17,9 Sum: 38
subset:1,1,17 Sum: 19
subset:11,12,8 Sum: 31
subset:8,17,7 Sum: 32
Distance: 34
perfect sum: 33
subset:12,7,14 Sum: 33
subset:19,9,17 Sum: 45
subset:12,17,9 Sum: 38
subset:1,1,17 Sum: 19
subset:11,12,8 Sum: 31
subset:17,8,7 Sum: 32
Distance: 34
perfect sum: 33
subset:12,7,14 Sum: 33
subset:19,9,17 Sum: 45
subset:12,17,9 Sum: 38
subset:1,1,17 Sum: 19
subset:11,12,8 Sum: 31
subset:8,17,7 Sum: 32
Distance: 34
perfect sum: 33
subset:12,7,14 Sum: 33
subset:19,9,17 Sum: 45
subset:12,17,9 Sum: 38
subset:1,1,17 Sum: 19
subset:11,12,8 Sum: 31
subset:17,7,8 Sum: 32
Distance: 34
perfect sum: 33
subset:12,7,14 Sum: 33
subset:19,9,17 Sum: 45
subset:12,17,9 Sum: 38
subset:1,1,17 Sum: 19
subset:11,12,8 Sum: 31
subset:17,8,7 Sum: 32
Distance: 34
perfect sum: 33
subset:12,7,14 Sum: 33
subset:19,9,17 Sum: 45
subset:12,17,9 Sum: 38
subset:1,1,17 Sum: 19
subset:11,12,8 Sum: 31
subset:17,7,8 Sum: 32
Distance: 34
0 | Score distance: 34
perfect sum: 33
subset:7,12,14 Sum: 33
subset:19,9,17 Sum: 45
subset:12,17,9 Sum: 38
subset:1,1,17 Sum: 19
subset:11,12,8 Sum: 31
subset:17,7,8 Sum: 32
Distance: 34
perfect sum: 33
subset:12,7,14 Sum: 33
subset:19,9,17 Sum: 45
subset:12,17,9 Sum: 38
subset:1,1,17 Sum: 19
subset:11,12,8 Sum: 31
subset:17,7,8 Sum: 32
Distance: 34
perfect sum: 33
subset:7,14,12 Sum: 33
subset:19,9,17 Sum: 45
subset:12,17,9 Sum: 38
subset:1,1,17 Sum: 19
subset:11,12,8 Sum: 31
subset:17,7,8 Sum: 32
Distance: 34
perfect sum: 33
subset:7,12,14 Sum: 33
subset:19,9,17 Sum: 45
subset:12,17,9 Sum: 38
subset:1,1,17 Sum: 19
subset:11,12,8 Sum: 31
subset:17,7,8 Sum: 32
Distance: 34
perfect sum: 33
subset:7,14,19 Sum: 40
subset:12,9,17 Sum: 38
subset:12,17,9 Sum: 38
subset:1,1,17 Sum: 19
subset:11,12,8 Sum: 31
subset:17,7,8 Sum: 32
Distance: 29
perfect sum: 33
subset:7,14,12 Sum: 33
subset:19,9,17 Sum: 45
subset:12,17,9 Sum: 38
subset:1,1,17 Sum: 19
subset:11,12,8 Sum: 31
subset:17,7,8 Sum: 32
Distance: 34
perfect sum: 33
subset:7,14,19 Sum: 40
subset:9,12,17 Sum: 38
subset:12,17,9 Sum: 38
subset:1,1,17 Sum: 19
subset:11,12,8 Sum: 31
subset:17,7,8 Sum: 32
Distance: 29
perfect sum: 33
subset:7,14,19 Sum: 40
subset:12,9,17 Sum: 38
subset:12,17,9 Sum: 38
subset:1,1,17 Sum: 19
subset:11,12,8 Sum: 31
subset:17,7,8 Sum: 32
Distance: 29
perfect sum: 33
subset:7,14,19 Sum: 40
subset:9,17,12 Sum: 38
subset:12,17,9 Sum: 38
subset:1,1,17 Sum: 19
subset:11,12,8 Sum: 31
subset:17,7,8 Sum: 32
Distance: 29
perfect sum: 33
subset:7,14,19 Sum: 40
subset:9,12,17 Sum: 38
subset:12,17,9 Sum: 38
subset:1,1,17 Sum: 19
subset:11,12,8 Sum: 31
subset:17,7,8 Sum: 32
Distance: 29
perfect sum: 33
subset:7,14,19 Sum: 40
subset:9,17,12 Sum: 38
subset:12,17,9 Sum: 38
subset:1,1,17 Sum: 19
subset:11,12,8 Sum: 31
subset:17,7,8 Sum: 32
Distance: 29
perfect sum: 33
subset:7,14,19 Sum: 40
subset:9,17,12 Sum: 38
subset:12,17,9 Sum: 38
subset:1,1,17 Sum: 19
subset:11,12,8 Sum: 31
subset:17,7,8 Sum: 32
Distance: 29
perfect sum: 33
subset:7,14,19 Sum: 40
subset:9,17,12 Sum: 38
subset:17,12,9 Sum: 38
subset:1,1,17 Sum: 19
subset:11,12,8 Sum: 31
subset:17,7,8 Sum: 32
Distance: 29
perfect sum: 33
subset:7,14,19 Sum: 40
subset:9,17,12 Sum: 38
subset:12,17,9 Sum: 38
subset:1,1,17 Sum: 19
subset:11,12,8 Sum: 31
subset:17,7,8 Sum: 32
Distance: 29
perfect sum: 33
subset:7,14,19 Sum: 40
subset:9,17,12 Sum: 38
subset:17,9,12 Sum: 38
subset:1,1,17 Sum: 19
subset:11,12,8 Sum: 31
subset:17,7,8 Sum: 32
Distance: 29
perfect sum: 33
subset:7,14,19 Sum: 40
subset:9,17,12 Sum: 38
subset:17,12,9 Sum: 38
subset:1,1,17 Sum: 19
subset:11,12,8 Sum: 31
subset:17,7,8 Sum: 32
Distance: 29
perfect sum: 33
subset:7,14,19 Sum: 40
subset:9,17,12 Sum: 38
subset:17,9,1 Sum: 27
subset:12,1,17 Sum: 30
subset:11,12,8 Sum: 31
subset:17,7,8 Sum: 32
Distance: 24
perfect sum: 33
subset:7,14,19 Sum: 40
subset:9,17,12 Sum: 38
subset:17,9,12 Sum: 38
subset:1,1,17 Sum: 19
subset:11,12,8 Sum: 31
subset:17,7,8 Sum: 32
Distance: 29
perfect sum: 33
subset:7,14,19 Sum: 40
subset:9,17,12 Sum: 38
subset:17,9,1 Sum: 27
subset:1,12,17 Sum: 30
subset:11,12,8 Sum: 31
subset:17,7,8 Sum: 32
Distance: 24
perfect sum: 33
subset:7,14,19 Sum: 40
subset:9,17,12 Sum: 38
subset:17,9,1 Sum: 27
subset:12,1,17 Sum: 30
subset:11,12,8 Sum: 31
subset:17,7,8 Sum: 32
Distance: 24
perfect sum: 33
subset:7,14,19 Sum: 40
subset:9,17,12 Sum: 38
subset:17,9,1 Sum: 27
subset:1,17,12 Sum: 30
subset:11,12,8 Sum: 31
subset:17,7,8 Sum: 32
Distance: 24
perfect sum: 33
subset:7,14,19 Sum: 40
subset:9,17,12 Sum: 38
subset:17,9,1 Sum: 27
subset:1,12,17 Sum: 30
subset:11,12,8 Sum: 31
subset:17,7,8 Sum: 32
Distance: 24
perfect sum: 33
subset:7,14,19 Sum: 40
subset:9,17,12 Sum: 38
subset:17,9,1 Sum: 27
subset:1,17,11 Sum: 29
subset:12,12,8 Sum: 32
subset:17,7,8 Sum: 32
Distance: 23
perfect sum: 33
subset:7,14,19 Sum: 40
subset:9,17,12 Sum: 38
subset:17,9,1 Sum: 27
subset:1,17,12 Sum: 30
subset:11,12,8 Sum: 31
subset:17,7,8 Sum: 32
Distance: 24
perfect sum: 33
subset:7,14,19 Sum: 40
subset:9,17,12 Sum: 38
subset:17,9,1 Sum: 27
subset:1,17,11 Sum: 29
subset:12,12,8 Sum: 32
subset:17,7,8 Sum: 32
Distance: 23
perfect sum: 33
subset:7,14,19 Sum: 40
subset:9,17,12 Sum: 38
subset:17,9,1 Sum: 27
subset:1,17,11 Sum: 29
subset:12,12,8 Sum: 32
subset:17,7,8 Sum: 32
Distance: 23
perfect sum: 33
subset:7,14,19 Sum: 40
subset:9,17,12 Sum: 38
subset:17,9,1 Sum: 27
subset:1,17,11 Sum: 29
subset:12,8,12 Sum: 32
subset:17,7,8 Sum: 32
Distance: 23
perfect sum: 33
subset:7,14,19 Sum: 40
subset:9,17,12 Sum: 38
subset:17,9,1 Sum: 27
subset:1,17,11 Sum: 29
subset:12,12,8 Sum: 32
subset:17,7,8 Sum: 32
Distance: 23
perfect sum: 33
subset:7,14,19 Sum: 40
subset:9,17,12 Sum: 38
subset:17,9,1 Sum: 27
subset:1,17,11 Sum: 29
subset:12,8,17 Sum: 37
subset:12,7,8 Sum: 27
Distance: 26
perfect sum: 33
subset:7,14,19 Sum: 40
subset:9,17,12 Sum: 38
subset:17,9,1 Sum: 27
subset:1,17,11 Sum: 29
subset:12,8,12 Sum: 32
subset:17,7,8 Sum: 32
Distance: 23
perfect sum: 33
subset:7,14,19 Sum: 40
subset:9,17,12 Sum: 38
subset:17,9,1 Sum: 27
subset:1,17,11 Sum: 29
subset:12,8,12 Sum: 32
subset:7,17,8 Sum: 32
Distance: 23
perfect sum: 33
subset:7,14,19 Sum: 40
subset:9,17,12 Sum: 38
subset:17,9,1 Sum: 27
subset:1,17,11 Sum: 29
subset:12,8,12 Sum: 32
subset:17,7,8 Sum: 32
Distance: 23
perfect sum: 33
subset:7,14,19 Sum: 40
subset:9,17,12 Sum: 38
subset:17,9,1 Sum: 27
subset:1,17,11 Sum: 29
subset:12,8,12 Sum: 32
subset:7,8,17 Sum: 32
Distance: 23
perfect sum: 33
subset:7,14,19 Sum: 40
subset:9,17,12 Sum: 38
subset:17,9,1 Sum: 27
subset:1,17,11 Sum: 29
subset:12,8,12 Sum: 32
subset:7,17,8 Sum: 32
Distance: 23
perfect sum: 33
subset:7,14,19 Sum: 40
subset:9,17,12 Sum: 38
subset:17,9,1 Sum: 27
subset:1,17,11 Sum: 29
subset:12,8,12 Sum: 32
subset:7,8,17 Sum: 32
Distance: 23
1 | Score distance: 23
perfect sum: 33
subset:14,7,19 Sum: 40
subset:9,17,12 Sum: 38
subset:17,9,1 Sum: 27
subset:1,17,11 Sum: 29
subset:12,8,12 Sum: 32
subset:7,8,17 Sum: 32
Distance: 23
perfect sum: 33
subset:7,14,19 Sum: 40
subset:9,17,12 Sum: 38
subset:17,9,1 Sum: 27
subset:1,17,11 Sum: 29
subset:12,8,12 Sum: 32
subset:7,8,17 Sum: 32
Distance: 23
perfect sum: 33
subset:14,19,7 Sum: 40
subset:9,17,12 Sum: 38
subset:17,9,1 Sum: 27
subset:1,17,11 Sum: 29
subset:12,8,12 Sum: 32
subset:7,8,17 Sum: 32
Distance: 23
perfect sum: 33
subset:14,7,19 Sum: 40
subset:9,17,12 Sum: 38
subset:17,9,1 Sum: 27
subset:1,17,11 Sum: 29
subset:12,8,12 Sum: 32
subset:7,8,17 Sum: 32
Distance: 23
perfect sum: 33
subset:14,19,9 Sum: 42
subset:7,17,12 Sum: 36
subset:17,9,1 Sum: 27
subset:1,17,11 Sum: 29
subset:12,8,12 Sum: 32
subset:7,8,17 Sum: 32
Distance: 23
perfect sum: 33
subset:14,19,7 Sum: 40
subset:9,17,12 Sum: 38
subset:17,9,1 Sum: 27
subset:1,17,11 Sum: 29
subset:12,8,12 Sum: 32
subset:7,8,17 Sum: 32
Distance: 23
perfect sum: 33
subset:14,19,9 Sum: 42
subset:17,7,12 Sum: 36
subset:17,9,1 Sum: 27
subset:1,17,11 Sum: 29
subset:12,8,12 Sum: 32
subset:7,8,17 Sum: 32
Distance: 23
perfect sum: 33
subset:14,19,9 Sum: 42
subset:7,17,12 Sum: 36
subset:17,9,1 Sum: 27
subset:1,17,11 Sum: 29
subset:12,8,12 Sum: 32
subset:7,8,17 Sum: 32
Distance: 23
perfect sum: 33
subset:14,19,9 Sum: 42
subset:17,12,7 Sum: 36
subset:17,9,1 Sum: 27
subset:1,17,11 Sum: 29
subset:12,8,12 Sum: 32
subset:7,8,17 Sum: 32
Distance: 23
perfect sum: 33
subset:14,19,9 Sum: 42
subset:17,7,12 Sum: 36
subset:17,9,1 Sum: 27
subset:1,17,11 Sum: 29
subset:12,8,12 Sum: 32
subset:7,8,17 Sum: 32
Distance: 23
perfect sum: 33
subset:14,19,9 Sum: 42
subset:17,12,17 Sum: 46
subset:7,9,1 Sum: 17
subset:1,17,11 Sum: 29
subset:12,8,12 Sum: 32
subset:7,8,17 Sum: 32
Distance: 43
perfect sum: 33
subset:14,19,9 Sum: 42
subset:17,12,7 Sum: 36
subset:17,9,1 Sum: 27
subset:1,17,11 Sum: 29
subset:12,8,12 Sum: 32
subset:7,8,17 Sum: 32
Distance: 23
perfect sum: 33
subset:14,19,9 Sum: 42
subset:17,12,7 Sum: 36
subset:9,17,1 Sum: 27
subset:1,17,11 Sum: 29
subset:12,8,12 Sum: 32
subset:7,8,17 Sum: 32
Distance: 23
perfect sum: 33
subset:14,19,9 Sum: 42
subset:17,12,7 Sum: 36
subset:17,9,1 Sum: 27
subset:1,17,11 Sum: 29
subset:12,8,12 Sum: 32
subset:7,8,17 Sum: 32
Distance: 23
perfect sum: 33
subset:14,19,9 Sum: 42
subset:17,12,7 Sum: 36
subset:9,1,17 Sum: 27
subset:1,17,11 Sum: 29
subset:12,8,12 Sum: 32
subset:7,8,17 Sum: 32
Distance: 23
perfect sum: 33
subset:14,19,9 Sum: 42
subset:17,12,7 Sum: 36
subset:9,17,1 Sum: 27
subset:1,17,11 Sum: 29
subset:12,8,12 Sum: 32
subset:7,8,17 Sum: 32
Distance: 23
perfect sum: 33
subset:14,19,9 Sum: 42
subset:17,12,7 Sum: 36
subset:9,1,1 Sum: 11
subset:17,17,11 Sum: 45
subset:12,8,12 Sum: 32
subset:7,8,17 Sum: 32
Distance: 47
perfect sum: 33
subset:14,19,9 Sum: 42
subset:17,12,7 Sum: 36
subset:9,1,17 Sum: 27
subset:1,17,11 Sum: 29
subset:12,8,12 Sum: 32
subset:7,8,17 Sum: 32
Distance: 23
perfect sum: 33
subset:14,19,9 Sum: 42
subset:17,12,7 Sum: 36
subset:9,1,17 Sum: 27
subset:17,1,11 Sum: 29
subset:12,8,12 Sum: 32
subset:7,8,17 Sum: 32
Distance: 23
perfect sum: 33
subset:14,19,9 Sum: 42
subset:17,12,7 Sum: 36
subset:9,1,17 Sum: 27
subset:1,17,11 Sum: 29
subset:12,8,12 Sum: 32
subset:7,8,17 Sum: 32
Distance: 23
perfect sum: 33
subset:14,19,9 Sum: 42
subset:17,12,7 Sum: 36
subset:9,1,17 Sum: 27
subset:17,11,1 Sum: 29
subset:12,8,12 Sum: 32
subset:7,8,17 Sum: 32
Distance: 23
perfect sum: 33
subset:14,19,9 Sum: 42
subset:17,12,7 Sum: 36
subset:9,1,17 Sum: 27
subset:17,1,11 Sum: 29
subset:12,8,12 Sum: 32
subset:7,8,17 Sum: 32
Distance: 23
perfect sum: 33
subset:14,19,9 Sum: 42
subset:17,12,7 Sum: 36
subset:9,1,17 Sum: 27
subset:17,11,12 Sum: 40
subset:1,8,12 Sum: 21
subset:7,8,17 Sum: 32
Distance: 38
perfect sum: 33
subset:14,19,9 Sum: 42
subset:17,12,7 Sum: 36
subset:9,1,17 Sum: 27
subset:17,11,1 Sum: 29
subset:12,8,12 Sum: 32
subset:7,8,17 Sum: 32
Distance: 23
perfect sum: 33
subset:14,19,9 Sum: 42
subset:17,12,7 Sum: 36
subset:9,1,17 Sum: 27
subset:17,11,1 Sum: 29
subset:8,12,12 Sum: 32
subset:7,8,17 Sum: 32
Distance: 23
perfect sum: 33
subset:14,19,9 Sum: 42
subset:17,12,7 Sum: 36
subset:9,1,17 Sum: 27
subset:17,11,1 Sum: 29
subset:12,8,12 Sum: 32
subset:7,8,17 Sum: 32
Distance: 23
perfect sum: 33
subset:14,19,9 Sum: 42
subset:17,12,7 Sum: 36
subset:9,1,17 Sum: 27
subset:17,11,1 Sum: 29
subset:8,12,12 Sum: 32
subset:7,8,17 Sum: 32
Distance: 23
perfect sum: 33
subset:14,19,9 Sum: 42
subset:17,12,7 Sum: 36
subset:9,1,17 Sum: 27
subset:17,11,1 Sum: 29
subset:8,12,12 Sum: 32
subset:7,8,17 Sum: 32
Distance: 23
perfect sum: 33
subset:14,19,9 Sum: 42
subset:17,12,7 Sum: 36
subset:9,1,17 Sum: 27
subset:17,11,1 Sum: 29
subset:8,12,7 Sum: 27
subset:12,8,17 Sum: 37
Distance: 26
perfect sum: 33
subset:14,19,9 Sum: 42
subset:17,12,7 Sum: 36
subset:9,1,17 Sum: 27
subset:17,11,1 Sum: 29
subset:8,12,12 Sum: 32
subset:7,8,17 Sum: 32
Distance: 23
perfect sum: 33
subset:14,19,9 Sum: 42
subset:17,12,7 Sum: 36
subset:9,1,17 Sum: 27
subset:17,11,1 Sum: 29
subset:8,12,12 Sum: 32
subset:8,7,17 Sum: 32
Distance: 23
perfect sum: 33
subset:14,19,9 Sum: 42
subset:17,12,7 Sum: 36
subset:9,1,17 Sum: 27
subset:17,11,1 Sum: 29
subset:8,12,12 Sum: 32
subset:7,8,17 Sum: 32
Distance: 23
perfect sum: 33
subset:14,19,9 Sum: 42
subset:17,12,7 Sum: 36
subset:9,1,17 Sum: 27
subset:17,11,1 Sum: 29
subset:8,12,12 Sum: 32
subset:8,17,7 Sum: 32
Distance: 23
perfect sum: 33
subset:14,19,9 Sum: 42
subset:17,12,7 Sum: 36
subset:9,1,17 Sum: 27
subset:17,11,1 Sum: 29
subset:8,12,12 Sum: 32
subset:8,7,17 Sum: 32
Distance: 23
perfect sum: 33
subset:14,19,9 Sum: 42
subset:17,12,7 Sum: 36
subset:9,1,17 Sum: 27
subset:17,11,1 Sum: 29
subset:8,12,12 Sum: 32
subset:8,17,7 Sum: 32
Distance: 23
2 | Score distance: 23
perfect sum: 33
subset:19,14,9 Sum: 42
subset:17,12,7 Sum: 36
subset:9,1,17 Sum: 27
subset:17,11,1 Sum: 29
subset:8,12,12 Sum: 32
subset:8,17,7 Sum: 32
Distance: 23
perfect sum: 33
subset:14,19,9 Sum: 42
subset:17,12,7 Sum: 36
subset:9,1,17 Sum: 27
subset:17,11,1 Sum: 29
subset:8,12,12 Sum: 32
subset:8,17,7 Sum: 32
Distance: 23
perfect sum: 33
subset:19,9,14 Sum: 42
subset:17,12,7 Sum: 36
subset:9,1,17 Sum: 27
subset:17,11,1 Sum: 29
subset:8,12,12 Sum: 32
subset:8,17,7 Sum: 32
Distance: 23
perfect sum: 33
subset:19,14,9 Sum: 42
subset:17,12,7 Sum: 36
subset:9,1,17 Sum: 27
subset:17,11,1 Sum: 29
subset:8,12,12 Sum: 32
subset:8,17,7 Sum: 32
Distance: 23
perfect sum: 33
subset:19,9,17 Sum: 45
subset:14,12,7 Sum: 33
subset:9,1,17 Sum: 27
subset:17,11,1 Sum: 29
subset:8,12,12 Sum: 32
subset:8,17,7 Sum: 32
Distance: 23
perfect sum: 33
subset:19,9,14 Sum: 42
subset:17,12,7 Sum: 36
subset:9,1,17 Sum: 27
subset:17,11,1 Sum: 29
subset:8,12,12 Sum: 32
subset:8,17,7 Sum: 32
Distance: 23
perfect sum: 33
subset:19,9,17 Sum: 45
subset:12,14,7 Sum: 33
subset:9,1,17 Sum: 27
subset:17,11,1 Sum: 29
subset:8,12,12 Sum: 32
subset:8,17,7 Sum: 32
Distance: 23
perfect sum: 33
subset:19,9,17 Sum: 45
subset:14,12,7 Sum: 33
subset:9,1,17 Sum: 27
subset:17,11,1 Sum: 29
subset:8,12,12 Sum: 32
subset:8,17,7 Sum: 32
Distance: 23
perfect sum: 33
subset:19,9,17 Sum: 45
subset:12,7,14 Sum: 33
subset:9,1,17 Sum: 27
subset:17,11,1 Sum: 29
subset:8,12,12 Sum: 32
subset:8,17,7 Sum: 32
Distance: 23
perfect sum: 33
subset:19,9,17 Sum: 45
subset:12,14,7 Sum: 33
subset:9,1,17 Sum: 27
subset:17,11,1 Sum: 29
subset:8,12,12 Sum: 32
subset:8,17,7 Sum: 32
Distance: 23
perfect sum: 33
subset:19,9,17 Sum: 45
subset:12,7,9 Sum: 28
subset:14,1,17 Sum: 32
subset:17,11,1 Sum: 29
subset:8,12,12 Sum: 32
subset:8,17,7 Sum: 32
Distance: 22
perfect sum: 33
subset:19,9,17 Sum: 45
subset:12,7,14 Sum: 33
subset:9,1,17 Sum: 27
subset:17,11,1 Sum: 29
subset:8,12,12 Sum: 32
subset:8,17,7 Sum: 32
Distance: 23
perfect sum: 33
subset:19,9,17 Sum: 45
subset:12,7,9 Sum: 28
subset:1,14,17 Sum: 32
subset:17,11,1 Sum: 29
subset:8,12,12 Sum: 32
subset:8,17,7 Sum: 32
Distance: 22
perfect sum: 33
subset:19,9,17 Sum: 45
subset:12,7,9 Sum: 28
subset:14,1,17 Sum: 32
subset:17,11,1 Sum: 29
subset:8,12,12 Sum: 32
subset:8,17,7 Sum: 32
Distance: 22
perfect sum: 33
subset:19,9,17 Sum: 45
subset:12,7,9 Sum: 28
subset:1,17,14 Sum: 32
subset:17,11,1 Sum: 29
subset:8,12,12 Sum: 32
subset:8,17,7 Sum: 32
Distance: 22
perfect sum: 33
subset:19,9,17 Sum: 45
subset:12,7,9 Sum: 28
subset:1,14,17 Sum: 32
subset:17,11,1 Sum: 29
subset:8,12,12 Sum: 32
subset:8,17,7 Sum: 32
Distance: 22
perfect sum: 33
subset:19,9,17 Sum: 45
subset:12,7,9 Sum: 28
subset:1,17,17 Sum: 35
subset:14,11,1 Sum: 26
subset:8,12,12 Sum: 32
subset:8,17,7 Sum: 32
Distance: 27
perfect sum: 33
subset:19,9,17 Sum: 45
subset:12,7,9 Sum: 28
subset:1,17,14 Sum: 32
subset:17,11,1 Sum: 29
subset:8,12,12 Sum: 32
subset:8,17,7 Sum: 32
Distance: 22
perfect sum: 33
subset:19,9,17 Sum: 45
subset:12,7,9 Sum: 28
subset:1,17,14 Sum: 32
subset:11,17,1 Sum: 29
subset:8,12,12 Sum: 32
subset:8,17,7 Sum: 32
Distance: 22
perfect sum: 33
subset:19,9,17 Sum: 45
subset:12,7,9 Sum: 28
subset:1,17,14 Sum: 32
subset:17,11,1 Sum: 29
subset:8,12,12 Sum: 32
subset:8,17,7 Sum: 32
Distance: 22
perfect sum: 33
subset:19,9,17 Sum: 45
subset:12,7,9 Sum: 28
subset:1,17,14 Sum: 32
subset:11,1,17 Sum: 29
subset:8,12,12 Sum: 32
subset:8,17,7 Sum: 32
Distance: 22
perfect sum: 33
subset:19,9,17 Sum: 45
subset:12,7,9 Sum: 28
subset:1,17,14 Sum: 32
subset:11,17,1 Sum: 29
subset:8,12,12 Sum: 32
subset:8,17,7 Sum: 32
Distance: 22
perfect sum: 33
subset:19,9,17 Sum: 45
subset:12,7,9 Sum: 28
subset:1,17,14 Sum: 32
subset:11,1,8 Sum: 20
subset:17,12,12 Sum: 41
subset:8,17,7 Sum: 32
Distance: 39
perfect sum: 33
subset:19,9,17 Sum: 45
subset:12,7,9 Sum: 28
subset:1,17,14 Sum: 32
subset:11,1,17 Sum: 29
subset:8,12,12 Sum: 32
subset:8,17,7 Sum: 32
Distance: 22
perfect sum: 33
subset:19,9,17 Sum: 45
subset:12,7,9 Sum: 28
subset:1,17,14 Sum: 32
subset:11,1,17 Sum: 29
subset:12,8,12 Sum: 32
subset:8,17,7 Sum: 32
Distance: 22
perfect sum: 33
subset:19,9,17 Sum: 45
subset:12,7,9 Sum: 28
subset:1,17,14 Sum: 32
subset:11,1,17 Sum: 29
subset:8,12,12 Sum: 32
subset:8,17,7 Sum: 32
Distance: 22
perfect sum: 33
subset:19,9,17 Sum: 45
subset:12,7,9 Sum: 28
subset:1,17,14 Sum: 32
subset:11,1,17 Sum: 29
subset:12,12,8 Sum: 32
subset:8,17,7 Sum: 32
Distance: 22
perfect sum: 33
subset:19,9,17 Sum: 45
subset:12,7,9 Sum: 28
subset:1,17,14 Sum: 32
subset:11,1,17 Sum: 29
subset:12,8,12 Sum: 32
subset:8,17,7 Sum: 32
Distance: 22
perfect sum: 33
subset:19,9,17 Sum: 45
subset:12,7,9 Sum: 28
subset:1,17,14 Sum: 32
subset:11,1,17 Sum: 29
subset:12,12,8 Sum: 32
subset:8,17,7 Sum: 32
Distance: 22
perfect sum: 33
subset:19,9,17 Sum: 45
subset:12,7,9 Sum: 28
subset:1,17,14 Sum: 32
subset:11,1,17 Sum: 29
subset:12,12,8 Sum: 32
subset:8,17,7 Sum: 32
Distance: 22
perfect sum: 33
subset:19,9,17 Sum: 45
subset:12,7,9 Sum: 28
subset:1,17,14 Sum: 32
subset:11,1,17 Sum: 29
subset:12,12,8 Sum: 32
subset:17,8,7 Sum: 32
Distance: 22
perfect sum: 33
subset:19,9,17 Sum: 45
subset:12,7,9 Sum: 28
subset:1,17,14 Sum: 32
subset:11,1,17 Sum: 29
subset:12,12,8 Sum: 32
subset:8,17,7 Sum: 32
Distance: 22
perfect sum: 33
subset:19,9,17 Sum: 45
subset:12,7,9 Sum: 28
subset:1,17,14 Sum: 32
subset:11,1,17 Sum: 29
subset:12,12,8 Sum: 32
subset:17,7,8 Sum: 32
Distance: 22
perfect sum: 33
subset:19,9,17 Sum: 45
subset:12,7,9 Sum: 28
subset:1,17,14 Sum: 32
subset:11,1,17 Sum: 29
subset:12,12,8 Sum: 32
subset:17,8,7 Sum: 32
Distance: 22
perfect sum: 33
subset:19,9,17 Sum: 45
subset:12,7,9 Sum: 28
subset:1,17,14 Sum: 32
subset:11,1,17 Sum: 29
subset:12,12,8 Sum: 32
subset:17,7,8 Sum: 32
Distance: 22
3 | Score distance: 22
perfect sum: 33
subset:9,19,17 Sum: 45
subset:12,7,9 Sum: 28
subset:1,17,14 Sum: 32
subset:11,1,17 Sum: 29
subset:12,12,8 Sum: 32
subset:17,7,8 Sum: 32
Distance: 22
perfect sum: 33
subset:19,9,17 Sum: 45
subset:12,7,9 Sum: 28
subset:1,17,14 Sum: 32
subset:11,1,17 Sum: 29
subset:12,12,8 Sum: 32
subset:17,7,8 Sum: 32
Distance: 22
perfect sum: 33
subset:9,17,19 Sum: 45
subset:12,7,9 Sum: 28
subset:1,17,14 Sum: 32
subset:11,1,17 Sum: 29
subset:12,12,8 Sum: 32
subset:17,7,8 Sum: 32
Distance: 22
perfect sum: 33
subset:9,19,17 Sum: 45
subset:12,7,9 Sum: 28
subset:1,17,14 Sum: 32
subset:11,1,17 Sum: 29
subset:12,12,8 Sum: 32
subset:17,7,8 Sum: 32
Distance: 22
perfect sum: 33
subset:9,17,12 Sum: 38
subset:19,7,9 Sum: 35
subset:1,17,14 Sum: 32
subset:11,1,17 Sum: 29
subset:12,12,8 Sum: 32
subset:17,7,8 Sum: 32
Distance: 12
perfect sum: 33
subset:9,17,19 Sum: 45
subset:12,7,9 Sum: 28
subset:1,17,14 Sum: 32
subset:11,1,17 Sum: 29
subset:12,12,8 Sum: 32
subset:17,7,8 Sum: 32
Distance: 22
perfect sum: 33
subset:9,17,12 Sum: 38
subset:7,19,9 Sum: 35
subset:1,17,14 Sum: 32
subset:11,1,17 Sum: 29
subset:12,12,8 Sum: 32
subset:17,7,8 Sum: 32
Distance: 12
perfect sum: 33
subset:9,17,12 Sum: 38
subset:19,7,9 Sum: 35
subset:1,17,14 Sum: 32
subset:11,1,17 Sum: 29
subset:12,12,8 Sum: 32
subset:17,7,8 Sum: 32
Distance: 12
perfect sum: 33
subset:9,17,12 Sum: 38
subset:7,9,19 Sum: 35
subset:1,17,14 Sum: 32
subset:11,1,17 Sum: 29
subset:12,12,8 Sum: 32
subset:17,7,8 Sum: 32
Distance: 12
perfect sum: 33
subset:9,17,12 Sum: 38
subset:7,19,9 Sum: 35
subset:1,17,14 Sum: 32
subset:11,1,17 Sum: 29
subset:12,12,8 Sum: 32
subset:17,7,8 Sum: 32
Distance: 12
perfect sum: 33
subset:9,17,12 Sum: 38
subset:7,9,1 Sum: 17
subset:19,17,14 Sum: 50
subset:11,1,17 Sum: 29
subset:12,12,8 Sum: 32
subset:17,7,8 Sum: 32
Distance: 43
perfect sum: 33
subset:9,17,12 Sum: 38
subset:7,9,19 Sum: 35
subset:1,17,14 Sum: 32
subset:11,1,17 Sum: 29
subset:12,12,8 Sum: 32
subset:17,7,8 Sum: 32
Distance: 12
perfect sum: 33
subset:9,17,12 Sum: 38
subset:7,9,19 Sum: 35
subset:17,1,14 Sum: 32
subset:11,1,17 Sum: 29
subset:12,12,8 Sum: 32
subset:17,7,8 Sum: 32
Distance: 12
perfect sum: 33
subset:9,17,12 Sum: 38
subset:7,9,19 Sum: 35
subset:1,17,14 Sum: 32
subset:11,1,17 Sum: 29
subset:12,12,8 Sum: 32
subset:17,7,8 Sum: 32
Distance: 12
perfect sum: 33
subset:9,17,12 Sum: 38
subset:7,9,19 Sum: 35
subset:17,14,1 Sum: 32
subset:11,1,17 Sum: 29
subset:12,12,8 Sum: 32
subset:17,7,8 Sum: 32
Distance: 12
perfect sum: 33
subset:9,17,12 Sum: 38
subset:7,9,19 Sum: 35
subset:17,1,14 Sum: 32
subset:11,1,17 Sum: 29
subset:12,12,8 Sum: 32
subset:17,7,8 Sum: 32
Distance: 12
perfect sum: 33
subset:9,17,12 Sum: 38
subset:7,9,19 Sum: 35
subset:17,14,11 Sum: 42
subset:1,1,17 Sum: 19
subset:12,12,8 Sum: 32
subset:17,7,8 Sum: 32
Distance: 31
perfect sum: 33
subset:9,17,12 Sum: 38
subset:7,9,19 Sum: 35
subset:17,14,1 Sum: 32
subset:11,1,17 Sum: 29
subset:12,12,8 Sum: 32
subset:17,7,8 Sum: 32
Distance: 12
perfect sum: 33
subset:9,17,12 Sum: 38
subset:7,9,19 Sum: 35
subset:17,14,1 Sum: 32
subset:1,11,17 Sum: 29
subset:12,12,8 Sum: 32
subset:17,7,8 Sum: 32
Distance: 12
perfect sum: 33
subset:9,17,12 Sum: 38
subset:7,9,19 Sum: 35
subset:17,14,1 Sum: 32
subset:11,1,17 Sum: 29
subset:12,12,8 Sum: 32
subset:17,7,8 Sum: 32
Distance: 12
perfect sum: 33
subset:9,17,12 Sum: 38
subset:7,9,19 Sum: 35
subset:17,14,1 Sum: 32
subset:1,17,11 Sum: 29
subset:12,12,8 Sum: 32
subset:17,7,8 Sum: 32
Distance: 12
perfect sum: 33
subset:9,17,12 Sum: 38
subset:7,9,19 Sum: 35
subset:17,14,1 Sum: 32
subset:1,11,17 Sum: 29
subset:12,12,8 Sum: 32
subset:17,7,8 Sum: 32
Distance: 12
perfect sum: 33
subset:9,17,12 Sum: 38
subset:7,9,19 Sum: 35
subset:17,14,1 Sum: 32
subset:1,17,12 Sum: 30
subset:11,12,8 Sum: 31
subset:17,7,8 Sum: 32
Distance: 13
perfect sum: 33
subset:9,17,12 Sum: 38
subset:7,9,19 Sum: 35
subset:17,14,1 Sum: 32
subset:1,17,11 Sum: 29
subset:12,12,8 Sum: 32
subset:17,7,8 Sum: 32
Distance: 12
perfect sum: 33
subset:9,17,12 Sum: 38
subset:7,9,19 Sum: 35
subset:17,14,1 Sum: 32
subset:1,17,11 Sum: 29
subset:12,12,8 Sum: 32
subset:17,7,8 Sum: 32
Distance: 12
perfect sum: 33
subset:9,17,12 Sum: 38
subset:7,9,19 Sum: 35
subset:17,14,1 Sum: 32
subset:1,17,11 Sum: 29
subset:12,12,8 Sum: 32
subset:17,7,8 Sum: 32
Distance: 12
perfect sum: 33
subset:9,17,12 Sum: 38
subset:7,9,19 Sum: 35
subset:17,14,1 Sum: 32
subset:1,17,11 Sum: 29
subset:12,8,12 Sum: 32
subset:17,7,8 Sum: 32
Distance: 12
perfect sum: 33
subset:9,17,12 Sum: 38
subset:7,9,19 Sum: 35
subset:17,14,1 Sum: 32
subset:1,17,11 Sum: 29
subset:12,12,8 Sum: 32
subset:17,7,8 Sum: 32
Distance: 12
perfect sum: 33
subset:9,17,12 Sum: 38
subset:7,9,19 Sum: 35
subset:17,14,1 Sum: 32
subset:1,17,11 Sum: 29
subset:12,8,17 Sum: 37
subset:12,7,8 Sum: 27
Distance: 22
perfect sum: 33
subset:9,17,12 Sum: 38
subset:7,9,19 Sum: 35
subset:17,14,1 Sum: 32
subset:1,17,11 Sum: 29
subset:12,8,12 Sum: 32
subset:17,7,8 Sum: 32
Distance: 12
perfect sum: 33
subset:9,17,12 Sum: 38
subset:7,9,19 Sum: 35
subset:17,14,1 Sum: 32
subset:1,17,11 Sum: 29
subset:12,8,12 Sum: 32
subset:7,17,8 Sum: 32
Distance: 12
perfect sum: 33
subset:9,17,12 Sum: 38
subset:7,9,19 Sum: 35
subset:17,14,1 Sum: 32
subset:1,17,11 Sum: 29
subset:12,8,12 Sum: 32
subset:17,7,8 Sum: 32
Distance: 12
perfect sum: 33
subset:9,17,12 Sum: 38
subset:7,9,19 Sum: 35
subset:17,14,1 Sum: 32
subset:1,17,11 Sum: 29
subset:12,8,12 Sum: 32
subset:7,8,17 Sum: 32
Distance: 12
perfect sum: 33
subset:9,17,12 Sum: 38
subset:7,9,19 Sum: 35
subset:17,14,1 Sum: 32
subset:1,17,11 Sum: 29
subset:12,8,12 Sum: 32
subset:7,17,8 Sum: 32
Distance: 12
perfect sum: 33
subset:9,17,12 Sum: 38
subset:7,9,19 Sum: 35
subset:17,14,1 Sum: 32
subset:1,17,11 Sum: 29
subset:12,8,12 Sum: 32
subset:7,8,17 Sum: 32
Distance: 12
4 | Score distance: 12
perfect sum: 33
subset:17,9,12 Sum: 38
subset:7,9,19 Sum: 35
subset:17,14,1 Sum: 32
subset:1,17,11 Sum: 29
subset:12,8,12 Sum: 32
subset:7,8,17 Sum: 32
Distance: 12
perfect sum: 33
subset:9,17,12 Sum: 38
subset:7,9,19 Sum: 35
subset:17,14,1 Sum: 32
subset:1,17,11 Sum: 29
subset:12,8,12 Sum: 32
subset:7,8,17 Sum: 32
Distance: 12
perfect sum: 33
subset:17,12,9 Sum: 38
subset:7,9,19 Sum: 35
subset:17,14,1 Sum: 32
subset:1,17,11 Sum: 29
subset:12,8,12 Sum: 32
subset:7,8,17 Sum: 32
Distance: 12
perfect sum: 33
subset:17,9,12 Sum: 38
subset:7,9,19 Sum: 35
subset:17,14,1 Sum: 32
subset:1,17,11 Sum: 29
subset:12,8,12 Sum: 32
subset:7,8,17 Sum: 32
Distance: 12
perfect sum: 33
subset:17,12,7 Sum: 36
subset:9,9,19 Sum: 37
subset:17,14,1 Sum: 32
subset:1,17,11 Sum: 29
subset:12,8,12 Sum: 32
subset:7,8,17 Sum: 32
Distance: 12
perfect sum: 33
subset:17,12,9 Sum: 38
subset:7,9,19 Sum: 35
subset:17,14,1 Sum: 32
subset:1,17,11 Sum: 29
subset:12,8,12 Sum: 32
subset:7,8,17 Sum: 32
Distance: 12
perfect sum: 33
subset:17,12,7 Sum: 36
subset:9,9,19 Sum: 37
subset:17,14,1 Sum: 32
subset:1,17,11 Sum: 29
subset:12,8,12 Sum: 32
subset:7,8,17 Sum: 32
Distance: 12
perfect sum: 33
subset:17,12,7 Sum: 36
subset:9,9,19 Sum: 37
subset:17,14,1 Sum: 32
subset:1,17,11 Sum: 29
subset:12,8,12 Sum: 32
subset:7,8,17 Sum: 32
Distance: 12
perfect sum: 33
subset:17,12,7 Sum: 36
subset:9,19,9 Sum: 37
subset:17,14,1 Sum: 32
subset:1,17,11 Sum: 29
subset:12,8,12 Sum: 32
subset:7,8,17 Sum: 32
Distance: 12
perfect sum: 33
subset:17,12,7 Sum: 36
subset:9,9,19 Sum: 37
subset:17,14,1 Sum: 32
subset:1,17,11 Sum: 29
subset:12,8,12 Sum: 32
subset:7,8,17 Sum: 32
Distance: 12
perfect sum: 33
subset:17,12,7 Sum: 36
subset:9,19,17 Sum: 45
subset:9,14,1 Sum: 24
subset:1,17,11 Sum: 29
subset:12,8,12 Sum: 32
subset:7,8,17 Sum: 32
Distance: 29
perfect sum: 33
subset:17,12,7 Sum: 36
subset:9,19,9 Sum: 37
subset:17,14,1 Sum: 32
subset:1,17,11 Sum: 29
subset:12,8,12 Sum: 32
subset:7,8,17 Sum: 32
Distance: 12
perfect sum: 33
subset:17,12,7 Sum: 36
subset:9,19,9 Sum: 37
subset:14,17,1 Sum: 32
subset:1,17,11 Sum: 29
subset:12,8,12 Sum: 32
subset:7,8,17 Sum: 32
Distance: 12
perfect sum: 33
subset:17,12,7 Sum: 36
subset:9,19,9 Sum: 37
subset:17,14,1 Sum: 32
subset:1,17,11 Sum: 29
subset:12,8,12 Sum: 32
subset:7,8,17 Sum: 32
Distance: 12
perfect sum: 33
subset:17,12,7 Sum: 36
subset:9,19,9 Sum: 37
subset:14,1,17 Sum: 32
subset:1,17,11 Sum: 29
subset:12,8,12 Sum: 32
subset:7,8,17 Sum: 32
Distance: 12
perfect sum: 33
subset:17,12,7 Sum: 36
subset:9,19,9 Sum: 37
subset:14,17,1 Sum: 32
subset:1,17,11 Sum: 29
subset:12,8,12 Sum: 32
subset:7,8,17 Sum: 32
Distance: 12
perfect sum: 33
subset:17,12,7 Sum: 36
subset:9,19,9 Sum: 37
subset:14,1,1 Sum: 16
subset:17,17,11 Sum: 45
subset:12,8,12 Sum: 32
subset:7,8,17 Sum: 32
Distance: 37
perfect sum: 33
subset:17,12,7 Sum: 36
subset:9,19,9 Sum: 37
subset:14,1,17 Sum: 32
subset:1,17,11 Sum: 29
subset:12,8,12 Sum: 32
subset:7,8,17 Sum: 32
Distance: 12
perfect sum: 33
subset:17,12,7 Sum: 36
subset:9,19,9 Sum: 37
subset:14,1,17 Sum: 32
subset:17,1,11 Sum: 29
subset:12,8,12 Sum: 32
subset:7,8,17 Sum: 32
Distance: 12
perfect sum: 33
subset:17,12,7 Sum: 36
subset:9,19,9 Sum: 37
subset:14,1,17 Sum: 32
subset:1,17,11 Sum: 29
subset:12,8,12 Sum: 32
subset:7,8,17 Sum: 32
Distance: 12
perfect sum: 33
subset:17,12,7 Sum: 36
subset:9,19,9 Sum: 37
subset:14,1,17 Sum: 32
subset:17,11,1 Sum: 29
subset:12,8,12 Sum: 32
subset:7,8,17 Sum: 32
Distance: 12
perfect sum: 33
subset:17,12,7 Sum: 36
subset:9,19,9 Sum: 37
subset:14,1,17 Sum: 32
subset:17,1,11 Sum: 29
subset:12,8,12 Sum: 32
subset:7,8,17 Sum: 32
Distance: 12
perfect sum: 33
subset:17,12,7 Sum: 36
subset:9,19,9 Sum: 37
subset:14,1,17 Sum: 32
subset:17,11,12 Sum: 40
subset:1,8,12 Sum: 21
subset:7,8,17 Sum: 32
Distance: 27
perfect sum: 33
subset:17,12,7 Sum: 36
subset:9,19,9 Sum: 37
subset:14,1,17 Sum: 32
subset:17,11,1 Sum: 29
subset:12,8,12 Sum: 32
subset:7,8,17 Sum: 32
Distance: 12
perfect sum: 33
subset:17,12,7 Sum: 36
subset:9,19,9 Sum: 37
subset:14,1,17 Sum: 32
subset:17,11,1 Sum: 29
subset:8,12,12 Sum: 32
subset:7,8,17 Sum: 32
Distance: 12
perfect sum: 33
subset:17,12,7 Sum: 36
subset:9,19,9 Sum: 37
subset:14,1,17 Sum: 32
subset:17,11,1 Sum: 29
subset:12,8,12 Sum: 32
subset:7,8,17 Sum: 32
Distance: 12
perfect sum: 33
subset:17,12,7 Sum: 36
subset:9,19,9 Sum: 37
subset:14,1,17 Sum: 32
subset:17,11,1 Sum: 29
subset:8,12,12 Sum: 32
subset:7,8,17 Sum: 32
Distance: 12
perfect sum: 33
subset:17,12,7 Sum: 36
subset:9,19,9 Sum: 37
subset:14,1,17 Sum: 32
subset:17,11,1 Sum: 29
subset:8,12,12 Sum: 32
subset:7,8,17 Sum: 32
Distance: 12
perfect sum: 33
subset:17,12,7 Sum: 36
subset:9,19,9 Sum: 37
subset:14,1,17 Sum: 32
subset:17,11,1 Sum: 29
subset:8,12,7 Sum: 27
subset:12,8,17 Sum: 37
Distance: 18
perfect sum: 33
subset:17,12,7 Sum: 36
subset:9,19,9 Sum: 37
subset:14,1,17 Sum: 32
subset:17,11,1 Sum: 29
subset:8,12,12 Sum: 32
subset:7,8,17 Sum: 32
Distance: 12
perfect sum: 33
subset:17,12,7 Sum: 36
subset:9,19,9 Sum: 37
subset:14,1,17 Sum: 32
subset:17,11,1 Sum: 29
subset:8,12,12 Sum: 32
subset:8,7,17 Sum: 32
Distance: 12
perfect sum: 33
subset:17,12,7 Sum: 36
subset:9,19,9 Sum: 37
subset:14,1,17 Sum: 32
subset:17,11,1 Sum: 29
subset:8,12,12 Sum: 32
subset:7,8,17 Sum: 32
Distance: 12
perfect sum: 33
subset:17,12,7 Sum: 36
subset:9,19,9 Sum: 37
subset:14,1,17 Sum: 32
subset:17,11,1 Sum: 29
subset:8,12,12 Sum: 32
subset:8,17,7 Sum: 32
Distance: 12
perfect sum: 33
subset:17,12,7 Sum: 36
subset:9,19,9 Sum: 37
subset:14,1,17 Sum: 32
subset:17,11,1 Sum: 29
subset:8,12,12 Sum: 32
subset:8,7,17 Sum: 32
Distance: 12
perfect sum: 33
subset:17,12,7 Sum: 36
subset:9,19,9 Sum: 37
subset:14,1,17 Sum: 32
subset:17,11,1 Sum: 29
subset:8,12,12 Sum: 32
subset:8,17,7 Sum: 32
Distance: 12
5 | Score distance: 12
perfect sum: 33
subset:12,17,7 Sum: 36
subset:9,19,9 Sum: 37
subset:14,1,17 Sum: 32
subset:17,11,1 Sum: 29
subset:8,12,12 Sum: 32
subset:8,17,7 Sum: 32
Distance: 12
perfect sum: 33
subset:17,12,7 Sum: 36
subset:9,19,9 Sum: 37
subset:14,1,17 Sum: 32
subset:17,11,1 Sum: 29
subset:8,12,12 Sum: 32
subset:8,17,7 Sum: 32
Distance: 12
perfect sum: 33
subset:12,7,17 Sum: 36
subset:9,19,9 Sum: 37
subset:14,1,17 Sum: 32
subset:17,11,1 Sum: 29
subset:8,12,12 Sum: 32
subset:8,17,7 Sum: 32
Distance: 12
perfect sum: 33
subset:12,17,7 Sum: 36
subset:9,19,9 Sum: 37
subset:14,1,17 Sum: 32
subset:17,11,1 Sum: 29
subset:8,12,12 Sum: 32
subset:8,17,7 Sum: 32
Distance: 12
perfect sum: 33
subset:12,7,9 Sum: 28
subset:17,19,9 Sum: 45
subset:14,1,17 Sum: 32
subset:17,11,1 Sum: 29
subset:8,12,12 Sum: 32
subset:8,17,7 Sum: 32
Distance: 22
perfect sum: 33
subset:12,7,17 Sum: 36
subset:9,19,9 Sum: 37
subset:14,1,17 Sum: 32
subset:17,11,1 Sum: 29
subset:8,12,12 Sum: 32
subset:8,17,7 Sum: 32
Distance: 12
perfect sum: 33
subset:12,7,17 Sum: 36
subset:19,9,9 Sum: 37
subset:14,1,17 Sum: 32
subset:17,11,1 Sum: 29
subset:8,12,12 Sum: 32
subset:8,17,7 Sum: 32
Distance: 12
perfect sum: 33
subset:12,7,17 Sum: 36
subset:9,19,9 Sum: 37
subset:14,1,17 Sum: 32
subset:17,11,1 Sum: 29
subset:8,12,12 Sum: 32
subset:8,17,7 Sum: 32
Distance: 12
perfect sum: 33
subset:12,7,17 Sum: 36
subset:19,9,9 Sum: 37
subset:14,1,17 Sum: 32
subset:17,11,1 Sum: 29
subset:8,12,12 Sum: 32
subset:8,17,7 Sum: 32
Distance: 12
perfect sum: 33
subset:12,7,17 Sum: 36
subset:19,9,9 Sum: 37
subset:14,1,17 Sum: 32
subset:17,11,1 Sum: 29
subset:8,12,12 Sum: 32
subset:8,17,7 Sum: 32
Distance: 12
perfect sum: 33
subset:12,7,17 Sum: 36
subset:19,9,14 Sum: 42
subset:9,1,17 Sum: 27
subset:17,11,1 Sum: 29
subset:8,12,12 Sum: 32
subset:8,17,7 Sum: 32
Distance: 23
perfect sum: 33
subset:12,7,17 Sum: 36
subset:19,9,9 Sum: 37
subset:14,1,17 Sum: 32
subset:17,11,1 Sum: 29
subset:8,12,12 Sum: 32
subset:8,17,7 Sum: 32
Distance: 12
perfect sum: 33
subset:12,7,17 Sum: 36
subset:19,9,9 Sum: 37
subset:1,14,17 Sum: 32
subset:17,11,1 Sum: 29
subset:8,12,12 Sum: 32
subset:8,17,7 Sum: 32
Distance: 12
perfect sum: 33
subset:12,7,17 Sum: 36
subset:19,9,9 Sum: 37
subset:14,1,17 Sum: 32
subset:17,11,1 Sum: 29
subset:8,12,12 Sum: 32
subset:8,17,7 Sum: 32
Distance: 12
perfect sum: 33
subset:12,7,17 Sum: 36
subset:19,9,9 Sum: 37
subset:1,17,14 Sum: 32
subset:17,11,1 Sum: 29
subset:8,12,12 Sum: 32
subset:8,17,7 Sum: 32
Distance: 12
perfect sum: 33
subset:12,7,17 Sum: 36
subset:19,9,9 Sum: 37
subset:1,14,17 Sum: 32
subset:17,11,1 Sum: 29
subset:8,12,12 Sum: 32
subset:8,17,7 Sum: 32
Distance: 12
perfect sum: 33
subset:12,7,17 Sum: 36
subset:19,9,9 Sum: 37
subset:1,17,17 Sum: 35
subset:14,11,1 Sum: 26
subset:8,12,12 Sum: 32
subset:8,17,7 Sum: 32
Distance: 17
perfect sum: 33
subset:12,7,17 Sum: 36
subset:19,9,9 Sum: 37
subset:1,17,14 Sum: 32
subset:17,11,1 Sum: 29
subset:8,12,12 Sum: 32
subset:8,17,7 Sum: 32
Distance: 12
perfect sum: 33
subset:12,7,17 Sum: 36
subset:19,9,9 Sum: 37
subset:1,17,14 Sum: 32
subset:11,17,1 Sum: 29
subset:8,12,12 Sum: 32
subset:8,17,7 Sum: 32
Distance: 12
perfect sum: 33
subset:12,7,17 Sum: 36
subset:19,9,9 Sum: 37
subset:1,17,14 Sum: 32
subset:17,11,1 Sum: 29
subset:8,12,12 Sum: 32
subset:8,17,7 Sum: 32
Distance: 12
perfect sum: 33
subset:12,7,17 Sum: 36
subset:19,9,9 Sum: 37
subset:1,17,14 Sum: 32
subset:11,1,17 Sum: 29
subset:8,12,12 Sum: 32
subset:8,17,7 Sum: 32
Distance: 12
perfect sum: 33
subset:12,7,17 Sum: 36
subset:19,9,9 Sum: 37
subset:1,17,14 Sum: 32
subset:11,17,1 Sum: 29
subset:8,12,12 Sum: 32
subset:8,17,7 Sum: 32
Distance: 12
perfect sum: 33
subset:12,7,17 Sum: 36
subset:19,9,9 Sum: 37
subset:1,17,14 Sum: 32
subset:11,1,8 Sum: 20
subset:17,12,12 Sum: 41
subset:8,17,7 Sum: 32
Distance: 29
perfect sum: 33
subset:12,7,17 Sum: 36
subset:19,9,9 Sum: 37
subset:1,17,14 Sum: 32
subset:11,1,17 Sum: 29
subset:8,12,12 Sum: 32
subset:8,17,7 Sum: 32
Distance: 12
perfect sum: 33
subset:12,7,17 Sum: 36
subset:19,9,9 Sum: 37
subset:1,17,14 Sum: 32
subset:11,1,17 Sum: 29
subset:12,8,12 Sum: 32
subset:8,17,7 Sum: 32
Distance: 12
perfect sum: 33
subset:12,7,17 Sum: 36
subset:19,9,9 Sum: 37
subset:1,17,14 Sum: 32
subset:11,1,17 Sum: 29
subset:8,12,12 Sum: 32
subset:8,17,7 Sum: 32
Distance: 12
perfect sum: 33
subset:12,7,17 Sum: 36
subset:19,9,9 Sum: 37
subset:1,17,14 Sum: 32
subset:11,1,17 Sum: 29
subset:12,12,8 Sum: 32
subset:8,17,7 Sum: 32
Distance: 12
perfect sum: 33
subset:12,7,17 Sum: 36
subset:19,9,9 Sum: 37
subset:1,17,14 Sum: 32
subset:11,1,17 Sum: 29
subset:12,8,12 Sum: 32
subset:8,17,7 Sum: 32
Distance: 12
perfect sum: 33
subset:12,7,17 Sum: 36
subset:19,9,9 Sum: 37
subset:1,17,14 Sum: 32
