problem iterations were set to 500
generating problem 
random lenght number:  14
random lenght number:  19
random lenght number:  10
random lenght number:  15
generated problem lenght is:  15
Proposed problem:  [14, 18, 5, 17, 5, 10, 13, 5, 11, 5, 7, 3, 19, 11, 2]
Our problem:  [14, 18, 5, 17, 5, 10, 13, 5, 11, 5, 7, 3, 19, 11, 2]
simAnnealing chosen 
perfect sum: 29
subset:18,13,5 Sum: 36
subset:11,5,7 Sum: 23
subset:10,3,5 Sum: 18
subset:11,17,14 Sum: 42
subset:5,19,2 Sum: 26
Distance: 40
perfect sum: 29
subset:18,13,5 Sum: 36
subset:11,5,7 Sum: 23
subset:10,3,11 Sum: 24
subset:5,17,14 Sum: 36
subset:5,19,2 Sum: 26
Distance: 21
perfect sum: 29
subset:18,13,5 Sum: 36
subset:11,5,7 Sum: 23
subset:10,3,5 Sum: 18
subset:11,17,14 Sum: 42
subset:5,19,2 Sum: 26
Distance: 40
perfect sum: 29
subset:18,13,5 Sum: 36
subset:11,5,7 Sum: 23
subset:10,3,11 Sum: 24
subset:5,17,14 Sum: 36
subset:5,19,2 Sum: 26
Distance: 21
perfect sum: 29
subset:18,13,5 Sum: 36
subset:11,5,7 Sum: 23
subset:10,3,5 Sum: 18
subset:11,17,14 Sum: 42
subset:5,19,2 Sum: 26
Distance: 40
0 | Score distance: 40
perfect sum: 29
subset:18,5,13 Sum: 36
subset:11,5,7 Sum: 23
subset:10,3,5 Sum: 18
subset:11,17,14 Sum: 42
subset:5,19,2 Sum: 26
Distance: 40
perfect sum: 29
subset:18,13,5 Sum: 36
subset:11,5,7 Sum: 23
subset:10,3,5 Sum: 18
subset:11,17,14 Sum: 42
subset:5,19,2 Sum: 26
Distance: 40
perfect sum: 29
subset:18,5,13 Sum: 36
subset:11,5,7 Sum: 23
subset:10,3,5 Sum: 18
subset:11,17,14 Sum: 42
subset:5,19,2 Sum: 26
Distance: 40
1 | Score distance: 40
perfect sum: 29
subset:18,5,13 Sum: 36
subset:5,11,7 Sum: 23
subset:10,3,5 Sum: 18
subset:11,17,14 Sum: 42
subset:5,19,2 Sum: 26
Distance: 40
perfect sum: 29
subset:18,5,13 Sum: 36
subset:11,5,7 Sum: 23
subset:10,3,5 Sum: 18
subset:11,17,14 Sum: 42
subset:5,19,2 Sum: 26
Distance: 40
perfect sum: 29
subset:18,5,13 Sum: 36
subset:5,11,7 Sum: 23
subset:10,3,5 Sum: 18
subset:11,17,14 Sum: 42
subset:5,19,2 Sum: 26
Distance: 40
2 | Score distance: 40
perfect sum: 29
subset:18,5,13 Sum: 36
subset:5,11,7 Sum: 23
subset:10,3,5 Sum: 18
subset:17,11,14 Sum: 42
subset:5,19,2 Sum: 26
Distance: 40
perfect sum: 29
subset:18,5,13 Sum: 36
subset:5,11,7 Sum: 23
subset:10,3,5 Sum: 18
subset:11,17,14 Sum: 42
subset:5,19,2 Sum: 26
Distance: 40
perfect sum: 29
subset:18,5,13 Sum: 36
subset:5,11,7 Sum: 23
subset:10,3,5 Sum: 18
subset:17,11,14 Sum: 42
subset:5,19,2 Sum: 26
Distance: 40
3 | Score distance: 40
perfect sum: 29
subset:18,5,13 Sum: 36
subset:5,7,11 Sum: 23
subset:10,3,5 Sum: 18
subset:17,11,14 Sum: 42
subset:5,19,2 Sum: 26
Distance: 40
perfect sum: 29
subset:18,5,13 Sum: 36
subset:5,11,7 Sum: 23
subset:10,3,5 Sum: 18
subset:17,11,14 Sum: 42
subset:5,19,2 Sum: 26
Distance: 40
perfect sum: 29
subset:18,5,13 Sum: 36
subset:5,7,11 Sum: 23
subset:10,3,5 Sum: 18
subset:17,11,14 Sum: 42
subset:5,19,2 Sum: 26
Distance: 40
4 | Score distance: 40
perfect sum: 29
subset:5,18,13 Sum: 36
subset:5,7,11 Sum: 23
subset:10,3,5 Sum: 18
subset:17,11,14 Sum: 42
subset:5,19,2 Sum: 26
Distance: 40
perfect sum: 29
subset:18,5,13 Sum: 36
subset:5,7,11 Sum: 23
subset:10,3,5 Sum: 18
subset:17,11,14 Sum: 42
subset:5,19,2 Sum: 26
Distance: 40
perfect sum: 29
subset:5,18,13 Sum: 36
subset:5,7,11 Sum: 23
subset:10,3,5 Sum: 18
subset:17,11,14 Sum: 42
subset:5,19,2 Sum: 26
Distance: 40
5 | Score distance: 40
perfect sum: 29
subset:5,18,13 Sum: 36
subset:7,5,11 Sum: 23
subset:10,3,5 Sum: 18
subset:17,11,14 Sum: 42
subset:5,19,2 Sum: 26
Distance: 40
perfect sum: 29
subset:5,18,13 Sum: 36
subset:5,7,11 Sum: 23
subset:10,3,5 Sum: 18
subset:17,11,14 Sum: 42
subset:5,19,2 Sum: 26
Distance: 40
perfect sum: 29
subset:5,18,13 Sum: 36
subset:7,5,11 Sum: 23
subset:10,3,5 Sum: 18
subset:17,11,14 Sum: 42
subset:5,19,2 Sum: 26
Distance: 40
6 | Score distance: 40
perfect sum: 29
subset:5,18,13 Sum: 36
subset:7,5,11 Sum: 23
subset:10,3,5 Sum: 18
subset:17,11,5 Sum: 33
subset:14,19,2 Sum: 35
Distance: 34
perfect sum: 29
subset:5,18,13 Sum: 36
subset:7,5,11 Sum: 23
subset:10,3,5 Sum: 18
subset:17,11,14 Sum: 42
subset:5,19,2 Sum: 26
Distance: 40
perfect sum: 29
subset:5,18,13 Sum: 36
subset:7,5,11 Sum: 23
subset:10,3,5 Sum: 18
subset:17,11,5 Sum: 33
subset:14,19,2 Sum: 35
Distance: 34
7 | Score distance: 34
perfect sum: 29
subset:5,13,18 Sum: 36
subset:7,5,11 Sum: 23
subset:10,3,5 Sum: 18
subset:17,11,5 Sum: 33
subset:14,19,2 Sum: 35
Distance: 34
perfect sum: 29
subset:5,18,13 Sum: 36
subset:7,5,11 Sum: 23
subset:10,3,5 Sum: 18
subset:17,11,5 Sum: 33
subset:14,19,2 Sum: 35
Distance: 34
perfect sum: 29
subset:5,13,18 Sum: 36
subset:7,5,11 Sum: 23
subset:10,3,5 Sum: 18
subset:17,11,5 Sum: 33
subset:14,19,2 Sum: 35
Distance: 34
8 | Score distance: 34
perfect sum: 29
subset:5,13,18 Sum: 36
subset:7,5,11 Sum: 23
subset:10,5,3 Sum: 18
subset:17,11,5 Sum: 33
subset:14,19,2 Sum: 35
Distance: 34
perfect sum: 29
subset:5,13,18 Sum: 36
subset:7,5,11 Sum: 23
subset:10,3,5 Sum: 18
subset:17,11,5 Sum: 33
subset:14,19,2 Sum: 35
Distance: 34
perfect sum: 29
subset:5,13,18 Sum: 36
subset:7,5,11 Sum: 23
subset:10,5,3 Sum: 18
subset:17,11,5 Sum: 33
subset:14,19,2 Sum: 35
Distance: 34
9 | Score distance: 34
perfect sum: 29
subset:5,13,18 Sum: 36
subset:7,5,11 Sum: 23
subset:10,5,3 Sum: 18
subset:17,11,5 Sum: 33
subset:19,14,2 Sum: 35
Distance: 34
perfect sum: 29
subset:5,13,18 Sum: 36
subset:7,5,11 Sum: 23
subset:10,5,3 Sum: 18
subset:17,11,5 Sum: 33
subset:14,19,2 Sum: 35
Distance: 34
perfect sum: 29
subset:5,13,18 Sum: 36
subset:7,5,11 Sum: 23
subset:10,5,3 Sum: 18
subset:17,11,5 Sum: 33
subset:19,14,2 Sum: 35
Distance: 34
10 | Score distance: 34
perfect sum: 29
subset:5,18,13 Sum: 36
subset:7,5,11 Sum: 23
subset:10,5,3 Sum: 18
subset:17,11,5 Sum: 33
subset:19,14,2 Sum: 35
Distance: 34
perfect sum: 29
subset:5,13,18 Sum: 36
subset:7,5,11 Sum: 23
subset:10,5,3 Sum: 18
subset:17,11,5 Sum: 33
subset:19,14,2 Sum: 35
Distance: 34
perfect sum: 29
subset:5,18,13 Sum: 36
subset:7,5,11 Sum: 23
subset:10,5,3 Sum: 18
subset:17,11,5 Sum: 33
subset:19,14,2 Sum: 35
Distance: 34
11 | Score distance: 34
perfect sum: 29
subset:18,5,13 Sum: 36
subset:7,5,11 Sum: 23
subset:10,5,3 Sum: 18
subset:17,11,5 Sum: 33
subset:19,14,2 Sum: 35
Distance: 34
perfect sum: 29
subset:5,18,13 Sum: 36
subset:7,5,11 Sum: 23
subset:10,5,3 Sum: 18
subset:17,11,5 Sum: 33
subset:19,14,2 Sum: 35
Distance: 34
perfect sum: 29
subset:18,5,13 Sum: 36
subset:7,5,11 Sum: 23
subset:10,5,3 Sum: 18
subset:17,11,5 Sum: 33
subset:19,14,2 Sum: 35
Distance: 34
12 | Score distance: 34
perfect sum: 29
subset:18,5,13 Sum: 36
subset:7,5,11 Sum: 23
subset:10,5,3 Sum: 18
subset:17,5,11 Sum: 33
subset:19,14,2 Sum: 35
Distance: 34
perfect sum: 29
subset:18,5,13 Sum: 36
subset:7,5,11 Sum: 23
subset:10,5,3 Sum: 18
subset:17,11,5 Sum: 33
subset:19,14,2 Sum: 35
Distance: 34
perfect sum: 29
subset:18,5,13 Sum: 36
subset:7,5,11 Sum: 23
subset:10,5,3 Sum: 18
subset:17,5,11 Sum: 33
subset:19,14,2 Sum: 35
Distance: 34
13 | Score distance: 34
perfect sum: 29
subset:18,5,13 Sum: 36
subset:7,5,11 Sum: 23
subset:10,5,3 Sum: 18
subset:5,17,11 Sum: 33
subset:19,14,2 Sum: 35
Distance: 34
perfect sum: 29
subset:18,5,13 Sum: 36
subset:7,5,11 Sum: 23
subset:10,5,3 Sum: 18
subset:17,5,11 Sum: 33
subset:19,14,2 Sum: 35
Distance: 34
perfect sum: 29
subset:18,5,13 Sum: 36
subset:7,5,11 Sum: 23
subset:10,5,3 Sum: 18
subset:5,17,11 Sum: 33
subset:19,14,2 Sum: 35
Distance: 34
14 | Score distance: 34
perfect sum: 29
subset:18,5,13 Sum: 36
subset:7,5,11 Sum: 23
subset:10,5,3 Sum: 18
subset:17,5,11 Sum: 33
subset:19,14,2 Sum: 35
Distance: 34
perfect sum: 29
subset:18,5,13 Sum: 36
subset:7,5,11 Sum: 23
subset:10,5,3 Sum: 18
subset:5,17,11 Sum: 33
subset:19,14,2 Sum: 35
Distance: 34
perfect sum: 29
subset:18,5,13 Sum: 36
subset:7,5,11 Sum: 23
subset:10,5,3 Sum: 18
subset:17,5,11 Sum: 33
subset:19,14,2 Sum: 35
Distance: 34
15 | Score distance: 34
perfect sum: 29
subset:18,5,13 Sum: 36
subset:7,5,11 Sum: 23
subset:10,5,3 Sum: 18
subset:17,11,5 Sum: 33
subset:19,14,2 Sum: 35
Distance: 34
perfect sum: 29
subset:18,5,13 Sum: 36
subset:7,5,11 Sum: 23
subset:10,5,3 Sum: 18
subset:17,5,11 Sum: 33
subset:19,14,2 Sum: 35
Distance: 34
perfect sum: 29
subset:18,5,13 Sum: 36
subset:7,5,11 Sum: 23
subset:10,5,3 Sum: 18
subset:17,11,5 Sum: 33
subset:19,14,2 Sum: 35
Distance: 34
16 | Score distance: 34
perfect sum: 29
subset:18,5,13 Sum: 36
subset:7,5,11 Sum: 23
subset:10,5,3 Sum: 18
subset:11,17,5 Sum: 33
subset:19,14,2 Sum: 35
Distance: 34
perfect sum: 29
subset:18,5,13 Sum: 36
subset:7,5,11 Sum: 23
subset:10,5,3 Sum: 18
subset:17,11,5 Sum: 33
subset:19,14,2 Sum: 35
Distance: 34
perfect sum: 29
subset:18,5,13 Sum: 36
subset:7,5,11 Sum: 23
subset:10,5,3 Sum: 18
subset:11,17,5 Sum: 33
subset:19,14,2 Sum: 35
Distance: 34
17 | Score distance: 34
perfect sum: 29
subset:18,5,13 Sum: 36
subset:7,5,11 Sum: 23
subset:10,5,11 Sum: 26
subset:3,17,5 Sum: 25
subset:19,14,2 Sum: 35
Distance: 26
perfect sum: 29
subset:18,5,13 Sum: 36
subset:7,5,11 Sum: 23
subset:10,5,3 Sum: 18
subset:11,17,5 Sum: 33
subset:19,14,2 Sum: 35
Distance: 34
perfect sum: 29
subset:18,5,13 Sum: 36
subset:7,5,11 Sum: 23
subset:10,5,11 Sum: 26
subset:3,17,5 Sum: 25
subset:19,14,2 Sum: 35
Distance: 26
18 | Score distance: 26
perfect sum: 29
subset:18,5,13 Sum: 36
subset:7,11,5 Sum: 23
subset:10,5,11 Sum: 26
subset:3,17,5 Sum: 25
subset:19,14,2 Sum: 35
Distance: 26
perfect sum: 29
subset:18,5,13 Sum: 36
subset:7,5,11 Sum: 23
subset:10,5,11 Sum: 26
subset:3,17,5 Sum: 25
subset:19,14,2 Sum: 35
Distance: 26
perfect sum: 29
subset:18,5,13 Sum: 36
subset:7,11,5 Sum: 23
subset:10,5,11 Sum: 26
subset:3,17,5 Sum: 25
subset:19,14,2 Sum: 35
Distance: 26
19 | Score distance: 26
perfect sum: 29
subset:18,5,13 Sum: 36
subset:7,11,5 Sum: 23
subset:10,5,3 Sum: 18
subset:11,17,5 Sum: 33
subset:19,14,2 Sum: 35
Distance: 34
perfect sum: 29
subset:18,5,13 Sum: 36
subset:7,11,5 Sum: 23
subset:10,5,11 Sum: 26
subset:3,17,5 Sum: 25
subset:19,14,2 Sum: 35
Distance: 26
perfect sum: 29
subset:18,5,13 Sum: 36
subset:7,11,5 Sum: 23
subset:10,5,3 Sum: 18
subset:11,17,5 Sum: 33
subset:19,14,2 Sum: 35
Distance: 34
perfect sum: 29
subset:18,5,13 Sum: 36
subset:7,11,5 Sum: 23
subset:10,5,11 Sum: 26
subset:3,17,5 Sum: 25
subset:19,14,2 Sum: 35
Distance: 26
perfect sum: 29
subset:18,5,13 Sum: 36
subset:7,11,5 Sum: 23
subset:10,5,3 Sum: 18
subset:11,17,5 Sum: 33
subset:19,14,2 Sum: 35
Distance: 34
20 | Score distance: 34
perfect sum: 29
subset:18,5,13 Sum: 36
subset:7,11,5 Sum: 23
subset:10,5,3 Sum: 18
subset:11,5,17 Sum: 33
subset:19,14,2 Sum: 35
Distance: 34
perfect sum: 29
subset:18,5,13 Sum: 36
subset:7,11,5 Sum: 23
subset:10,5,3 Sum: 18
subset:11,17,5 Sum: 33
subset:19,14,2 Sum: 35
Distance: 34
perfect sum: 29
subset:18,5,13 Sum: 36
subset:7,11,5 Sum: 23
subset:10,5,3 Sum: 18
subset:11,5,17 Sum: 33
subset:19,14,2 Sum: 35
Distance: 34
21 | Score distance: 34
perfect sum: 29
subset:18,5,13 Sum: 36
subset:7,11,5 Sum: 23
subset:10,3,5 Sum: 18
subset:11,5,17 Sum: 33
subset:19,14,2 Sum: 35
Distance: 34
perfect sum: 29
subset:18,5,13 Sum: 36
subset:7,11,5 Sum: 23
subset:10,5,3 Sum: 18
subset:11,5,17 Sum: 33
subset:19,14,2 Sum: 35
Distance: 34
perfect sum: 29
subset:18,5,13 Sum: 36
subset:7,11,5 Sum: 23
subset:10,3,5 Sum: 18
subset:11,5,17 Sum: 33
subset:19,14,2 Sum: 35
Distance: 34
22 | Score distance: 34
perfect sum: 29
subset:18,5,13 Sum: 36
subset:7,5,11 Sum: 23
subset:10,3,5 Sum: 18
subset:11,5,17 Sum: 33
subset:19,14,2 Sum: 35
Distance: 34
perfect sum: 29
subset:18,5,13 Sum: 36
subset:7,11,5 Sum: 23
subset:10,3,5 Sum: 18
subset:11,5,17 Sum: 33
subset:19,14,2 Sum: 35
Distance: 34
perfect sum: 29
subset:18,5,13 Sum: 36
subset:7,5,11 Sum: 23
subset:10,3,5 Sum: 18
subset:11,5,17 Sum: 33
subset:19,14,2 Sum: 35
Distance: 34
23 | Score distance: 34
perfect sum: 29
subset:18,5,13 Sum: 36
subset:7,5,11 Sum: 23
subset:10,3,5 Sum: 18
subset:11,17,5 Sum: 33
subset:19,14,2 Sum: 35
Distance: 34
perfect sum: 29
subset:18,5,13 Sum: 36
subset:7,5,11 Sum: 23
subset:10,3,5 Sum: 18
subset:11,5,17 Sum: 33
subset:19,14,2 Sum: 35
Distance: 34
perfect sum: 29
subset:18,5,13 Sum: 36
subset:7,5,11 Sum: 23
subset:10,3,5 Sum: 18
subset:11,17,5 Sum: 33
subset:19,14,2 Sum: 35
Distance: 34
24 | Score distance: 34
perfect sum: 29
subset:5,18,13 Sum: 36
subset:7,5,11 Sum: 23
subset:10,3,5 Sum: 18
subset:11,17,5 Sum: 33
subset:19,14,2 Sum: 35
Distance: 34
perfect sum: 29
subset:18,5,13 Sum: 36
subset:7,5,11 Sum: 23
subset:10,3,5 Sum: 18
subset:11,17,5 Sum: 33
subset:19,14,2 Sum: 35
Distance: 34
perfect sum: 29
subset:5,18,13 Sum: 36
subset:7,5,11 Sum: 23
subset:10,3,5 Sum: 18
subset:11,17,5 Sum: 33
subset:19,14,2 Sum: 35
Distance: 34
25 | Score distance: 34
perfect sum: 29
subset:5,18,13 Sum: 36
subset:7,5,11 Sum: 23
subset:10,3,5 Sum: 18
subset:11,17,5 Sum: 33
subset:19,2,14 Sum: 35
Distance: 34
perfect sum: 29
subset:5,18,13 Sum: 36
subset:7,5,11 Sum: 23
subset:10,3,5 Sum: 18
subset:11,17,5 Sum: 33
subset:19,14,2 Sum: 35
Distance: 34
perfect sum: 29
subset:5,18,13 Sum: 36
subset:7,5,11 Sum: 23
subset:10,3,5 Sum: 18
subset:11,17,5 Sum: 33
subset:19,2,14 Sum: 35
Distance: 34
26 | Score distance: 34
perfect sum: 29
subset:5,18,13 Sum: 36
subset:7,5,10 Sum: 22
subset:11,3,5 Sum: 19
subset:11,17,5 Sum: 33
subset:19,2,14 Sum: 35
Distance: 34
perfect sum: 29
subset:5,18,13 Sum: 36
subset:7,5,11 Sum: 23
subset:10,3,5 Sum: 18
subset:11,17,5 Sum: 33
subset:19,2,14 Sum: 35
Distance: 34
perfect sum: 29
subset:5,18,13 Sum: 36
subset:7,5,10 Sum: 22
subset:11,3,5 Sum: 19
subset:11,17,5 Sum: 33
subset:19,2,14 Sum: 35
Distance: 34
27 | Score distance: 34
perfect sum: 29
subset:5,18,13 Sum: 36
subset:5,7,10 Sum: 22
subset:11,3,5 Sum: 19
subset:11,17,5 Sum: 33
subset:19,2,14 Sum: 35
Distance: 34
perfect sum: 29
subset:5,18,13 Sum: 36
subset:7,5,10 Sum: 22
subset:11,3,5 Sum: 19
subset:11,17,5 Sum: 33
subset:19,2,14 Sum: 35
Distance: 34
perfect sum: 29
subset:5,18,13 Sum: 36
subset:5,7,10 Sum: 22
subset:11,3,5 Sum: 19
subset:11,17,5 Sum: 33
subset:19,2,14 Sum: 35
Distance: 34
28 | Score distance: 34
perfect sum: 29
subset:5,18,13 Sum: 36
subset:5,7,10 Sum: 22
subset:3,11,5 Sum: 19
subset:11,17,5 Sum: 33
subset:19,2,14 Sum: 35
Distance: 34
perfect sum: 29
subset:5,18,13 Sum: 36
subset:5,7,10 Sum: 22
subset:11,3,5 Sum: 19
subset:11,17,5 Sum: 33
subset:19,2,14 Sum: 35
Distance: 34
perfect sum: 29
subset:5,18,13 Sum: 36
subset:5,7,10 Sum: 22
subset:3,11,5 Sum: 19
subset:11,17,5 Sum: 33
subset:19,2,14 Sum: 35
Distance: 34
29 | Score distance: 34
perfect sum: 29
subset:5,18,13 Sum: 36
subset:5,7,10 Sum: 22
subset:3,5,11 Sum: 19
subset:11,17,5 Sum: 33
subset:19,2,14 Sum: 35
Distance: 34
perfect sum: 29
subset:5,18,13 Sum: 36
subset:5,7,10 Sum: 22
subset:3,11,5 Sum: 19
subset:11,17,5 Sum: 33
subset:19,2,14 Sum: 35
Distance: 34
perfect sum: 29
subset:5,18,13 Sum: 36
subset:5,7,10 Sum: 22
subset:3,5,11 Sum: 19
subset:11,17,5 Sum: 33
subset:19,2,14 Sum: 35
Distance: 34
30 | Score distance: 34
perfect sum: 29
subset:5,18,13 Sum: 36
subset:5,7,10 Sum: 22
subset:3,5,11 Sum: 19
subset:11,17,5 Sum: 33
subset:19,2,14 Sum: 35
Distance: 34
perfect sum: 29
subset:5,18,13 Sum: 36
subset:5,7,10 Sum: 22
subset:3,5,11 Sum: 19
subset:11,17,5 Sum: 33
subset:19,2,14 Sum: 35
Distance: 34
perfect sum: 29
subset:5,18,13 Sum: 36
subset:5,7,10 Sum: 22
subset:3,5,11 Sum: 19
subset:11,17,5 Sum: 33
subset:19,2,14 Sum: 35
Distance: 34
31 | Score distance: 34
perfect sum: 29
subset:5,18,13 Sum: 36
subset:5,7,10 Sum: 22
subset:3,5,11 Sum: 19
subset:11,17,19 Sum: 47
subset:5,2,14 Sum: 21
Distance: 50
perfect sum: 29
subset:5,18,13 Sum: 36
subset:5,7,10 Sum: 22
subset:3,5,11 Sum: 19
subset:11,17,5 Sum: 33
subset:19,2,14 Sum: 35
Distance: 34
perfect sum: 29
subset:5,18,13 Sum: 36
subset:5,7,10 Sum: 22
subset:3,5,11 Sum: 19
subset:11,17,19 Sum: 47
subset:5,2,14 Sum: 21
Distance: 50
perfect sum: 29
subset:5,18,13 Sum: 36
subset:5,7,10 Sum: 22
subset:3,5,11 Sum: 19
subset:11,17,5 Sum: 33
subset:19,2,14 Sum: 35
Distance: 34
perfect sum: 29
subset:5,18,13 Sum: 36
subset:5,7,10 Sum: 22
subset:3,5,11 Sum: 19
subset:11,17,19 Sum: 47
subset:5,2,14 Sum: 21
Distance: 50
32 | Score distance: 50
perfect sum: 29
subset:18,5,13 Sum: 36
subset:5,7,10 Sum: 22
subset:3,5,11 Sum: 19
subset:11,17,19 Sum: 47
subset:5,2,14 Sum: 21
Distance: 50
perfect sum: 29
subset:5,18,13 Sum: 36
subset:5,7,10 Sum: 22
subset:3,5,11 Sum: 19
subset:11,17,19 Sum: 47
subset:5,2,14 Sum: 21
Distance: 50
perfect sum: 29
subset:18,5,13 Sum: 36
subset:5,7,10 Sum: 22
subset:3,5,11 Sum: 19
subset:11,17,19 Sum: 47
subset:5,2,14 Sum: 21
Distance: 50
33 | Score distance: 50
perfect sum: 29
subset:18,13,5 Sum: 36
subset:5,7,10 Sum: 22
subset:3,5,11 Sum: 19
subset:11,17,19 Sum: 47
subset:5,2,14 Sum: 21
Distance: 50
perfect sum: 29
subset:18,5,13 Sum: 36
subset:5,7,10 Sum: 22
subset:3,5,11 Sum: 19
subset:11,17,19 Sum: 47
subset:5,2,14 Sum: 21
Distance: 50
perfect sum: 29
subset:18,13,5 Sum: 36
subset:5,7,10 Sum: 22
subset:3,5,11 Sum: 19
subset:11,17,19 Sum: 47
subset:5,2,14 Sum: 21
Distance: 50
34 | Score distance: 50
perfect sum: 29
subset:18,13,5 Sum: 36
subset:5,7,10 Sum: 22
subset:3,5,11 Sum: 19
subset:11,17,19 Sum: 47
subset:5,2,14 Sum: 21
Distance: 50
perfect sum: 29
subset:18,13,5 Sum: 36
subset:5,7,10 Sum: 22
subset:3,5,11 Sum: 19
subset:11,17,19 Sum: 47
subset:5,2,14 Sum: 21
Distance: 50
perfect sum: 29
subset:18,13,5 Sum: 36
subset:5,7,10 Sum: 22
subset:3,5,11 Sum: 19
subset:11,17,19 Sum: 47
subset:5,2,14 Sum: 21
Distance: 50
35 | Score distance: 50
perfect sum: 29
subset:18,13,5 Sum: 36
subset:5,7,10 Sum: 22
subset:3,5,11 Sum: 19
subset:11,17,19 Sum: 47
subset:5,14,2 Sum: 21
Distance: 50
perfect sum: 29
subset:18,13,5 Sum: 36
subset:5,7,10 Sum: 22
subset:3,5,11 Sum: 19
subset:11,17,19 Sum: 47
subset:5,2,14 Sum: 21
Distance: 50
perfect sum: 29
subset:18,13,5 Sum: 36
subset:5,7,10 Sum: 22
subset:3,5,11 Sum: 19
subset:11,17,19 Sum: 47
subset:5,14,2 Sum: 21
Distance: 50
36 | Score distance: 50
perfect sum: 29
subset:18,13,5 Sum: 36
subset:5,7,10 Sum: 22
subset:3,5,11 Sum: 19
subset:17,11,19 Sum: 47
subset:5,14,2 Sum: 21
Distance: 50
perfect sum: 29
subset:18,13,5 Sum: 36
subset:5,7,10 Sum: 22
subset:3,5,11 Sum: 19
subset:11,17,19 Sum: 47
subset:5,14,2 Sum: 21
Distance: 50
perfect sum: 29
subset:18,13,5 Sum: 36
subset:5,7,10 Sum: 22
subset:3,5,11 Sum: 19
subset:17,11,19 Sum: 47
subset:5,14,2 Sum: 21
Distance: 50
37 | Score distance: 50
perfect sum: 29
subset:18,5,13 Sum: 36
subset:5,7,10 Sum: 22
subset:3,5,11 Sum: 19
subset:17,11,19 Sum: 47
subset:5,14,2 Sum: 21
Distance: 50
perfect sum: 29
subset:18,13,5 Sum: 36
subset:5,7,10 Sum: 22
subset:3,5,11 Sum: 19
subset:17,11,19 Sum: 47
subset:5,14,2 Sum: 21
Distance: 50
perfect sum: 29
subset:18,5,13 Sum: 36
subset:5,7,10 Sum: 22
subset:3,5,11 Sum: 19
subset:17,11,19 Sum: 47
subset:5,14,2 Sum: 21
Distance: 50
38 | Score distance: 50
perfect sum: 29
subset:18,5,13 Sum: 36
subset:5,7,10 Sum: 22
subset:3,5,11 Sum: 19
subset:11,17,19 Sum: 47
subset:5,14,2 Sum: 21
Distance: 50
perfect sum: 29
subset:18,5,13 Sum: 36
subset:5,7,10 Sum: 22
subset:3,5,11 Sum: 19
subset:17,11,19 Sum: 47
subset:5,14,2 Sum: 21
Distance: 50
perfect sum: 29
subset:18,5,13 Sum: 36
subset:5,7,10 Sum: 22
subset:3,5,11 Sum: 19
subset:11,17,19 Sum: 47
subset:5,14,2 Sum: 21
Distance: 50
39 | Score distance: 50
perfect sum: 29
subset:18,5,13 Sum: 36
subset:5,7,10 Sum: 22
subset:3,5,11 Sum: 19
subset:11,17,19 Sum: 47
subset:5,2,14 Sum: 21
Distance: 50
perfect sum: 29
subset:18,5,13 Sum: 36
subset:5,7,10 Sum: 22
subset:3,5,11 Sum: 19
subset:11,17,19 Sum: 47
subset:5,14,2 Sum: 21
Distance: 50
perfect sum: 29
subset:18,5,13 Sum: 36
subset:5,7,10 Sum: 22
subset:3,5,11 Sum: 19
subset:11,17,19 Sum: 47
subset:5,2,14 Sum: 21
Distance: 50
40 | Score distance: 50
perfect sum: 29
subset:18,13,5 Sum: 36
subset:5,7,10 Sum: 22
subset:3,5,11 Sum: 19
subset:11,17,19 Sum: 47
subset:5,2,14 Sum: 21
Distance: 50
perfect sum: 29
subset:18,5,13 Sum: 36
subset:5,7,10 Sum: 22
subset:3,5,11 Sum: 19
subset:11,17,19 Sum: 47
subset:5,2,14 Sum: 21
Distance: 50
perfect sum: 29
subset:18,13,5 Sum: 36
subset:5,7,10 Sum: 22
subset:3,5,11 Sum: 19
subset:11,17,19 Sum: 47
subset:5,2,14 Sum: 21
Distance: 50
41 | Score distance: 50
perfect sum: 29
subset:18,13,5 Sum: 36
subset:5,10,7 Sum: 22
subset:3,5,11 Sum: 19
subset:11,17,19 Sum: 47
subset:5,2,14 Sum: 21
Distance: 50
perfect sum: 29
subset:18,13,5 Sum: 36
subset:5,7,10 Sum: 22
subset:3,5,11 Sum: 19
subset:11,17,19 Sum: 47
subset:5,2,14 Sum: 21
Distance: 50
perfect sum: 29
subset:18,13,5 Sum: 36
subset:5,10,7 Sum: 22
subset:3,5,11 Sum: 19
subset:11,17,19 Sum: 47
subset:5,2,14 Sum: 21
Distance: 50
42 | Score distance: 50
perfect sum: 29
subset:18,5,13 Sum: 36
subset:5,10,7 Sum: 22
subset:3,5,11 Sum: 19
subset:11,17,19 Sum: 47
subset:5,2,14 Sum: 21
Distance: 50
perfect sum: 29
subset:18,13,5 Sum: 36
subset:5,10,7 Sum: 22
subset:3,5,11 Sum: 19
subset:11,17,19 Sum: 47
subset:5,2,14 Sum: 21
Distance: 50
perfect sum: 29
subset:18,5,13 Sum: 36
subset:5,10,7 Sum: 22
subset:3,5,11 Sum: 19
subset:11,17,19 Sum: 47
subset:5,2,14 Sum: 21
Distance: 50
43 | Score distance: 50
perfect sum: 29
subset:18,5,5 Sum: 28
subset:13,10,7 Sum: 30
subset:3,5,11 Sum: 19
subset:11,17,19 Sum: 47
subset:5,2,14 Sum: 21
Distance: 38
perfect sum: 29
subset:18,5,13 Sum: 36
subset:5,10,7 Sum: 22
subset:3,5,11 Sum: 19
subset:11,17,19 Sum: 47
subset:5,2,14 Sum: 21
Distance: 50
perfect sum: 29
subset:18,5,5 Sum: 28
subset:13,10,7 Sum: 30
subset:3,5,11 Sum: 19
subset:11,17,19 Sum: 47
subset:5,2,14 Sum: 21
Distance: 38
44 | Score distance: 38
perfect sum: 29
subset:18,5,5 Sum: 28
subset:10,13,7 Sum: 30
subset:3,5,11 Sum: 19
subset:11,17,19 Sum: 47
subset:5,2,14 Sum: 21
Distance: 38
perfect sum: 29
subset:18,5,5 Sum: 28
subset:13,10,7 Sum: 30
subset:3,5,11 Sum: 19
subset:11,17,19 Sum: 47
subset:5,2,14 Sum: 21
Distance: 38
perfect sum: 29
subset:18,5,5 Sum: 28
subset:10,13,7 Sum: 30
subset:3,5,11 Sum: 19
subset:11,17,19 Sum: 47
subset:5,2,14 Sum: 21
Distance: 38
45 | Score distance: 38
perfect sum: 29
subset:18,5,5 Sum: 28
subset:10,13,7 Sum: 30
subset:3,5,11 Sum: 19
subset:11,17,19 Sum: 47
subset:2,5,14 Sum: 21
Distance: 38
perfect sum: 29
subset:18,5,5 Sum: 28
subset:10,13,7 Sum: 30
subset:3,5,11 Sum: 19
subset:11,17,19 Sum: 47
subset:5,2,14 Sum: 21
Distance: 38
perfect sum: 29
subset:18,5,5 Sum: 28
subset:10,13,7 Sum: 30
subset:3,5,11 Sum: 19
subset:11,17,19 Sum: 47
subset:2,5,14 Sum: 21
Distance: 38
46 | Score distance: 38
perfect sum: 29
subset:18,5,5 Sum: 28
subset:10,13,7 Sum: 30
subset:5,3,11 Sum: 19
subset:11,17,19 Sum: 47
subset:2,5,14 Sum: 21
Distance: 38
perfect sum: 29
subset:18,5,5 Sum: 28
subset:10,13,7 Sum: 30
subset:3,5,11 Sum: 19
subset:11,17,19 Sum: 47
subset:2,5,14 Sum: 21
Distance: 38
perfect sum: 29
subset:18,5,5 Sum: 28
subset:10,13,7 Sum: 30
subset:5,3,11 Sum: 19
subset:11,17,19 Sum: 47
subset:2,5,14 Sum: 21
Distance: 38
47 | Score distance: 38
perfect sum: 29
subset:18,5,5 Sum: 28
subset:10,7,13 Sum: 30
subset:5,3,11 Sum: 19
subset:11,17,19 Sum: 47
subset:2,5,14 Sum: 21
Distance: 38
perfect sum: 29
subset:18,5,5 Sum: 28
subset:10,13,7 Sum: 30
subset:5,3,11 Sum: 19
subset:11,17,19 Sum: 47
subset:2,5,14 Sum: 21
Distance: 38
perfect sum: 29
subset:18,5,5 Sum: 28
subset:10,7,13 Sum: 30
subset:5,3,11 Sum: 19
subset:11,17,19 Sum: 47
subset:2,5,14 Sum: 21
Distance: 38
48 | Score distance: 38
perfect sum: 29
subset:5,18,5 Sum: 28
subset:10,7,13 Sum: 30
subset:5,3,11 Sum: 19
subset:11,17,19 Sum: 47
subset:2,5,14 Sum: 21
Distance: 38
perfect sum: 29
subset:18,5,5 Sum: 28
subset:10,7,13 Sum: 30
subset:5,3,11 Sum: 19
subset:11,17,19 Sum: 47
subset:2,5,14 Sum: 21
Distance: 38
perfect sum: 29
subset:5,18,5 Sum: 28
subset:10,7,13 Sum: 30
subset:5,3,11 Sum: 19
subset:11,17,19 Sum: 47
subset:2,5,14 Sum: 21
Distance: 38
49 | Score distance: 38
perfect sum: 29
subset:5,18,5 Sum: 28
subset:10,7,13 Sum: 30
subset:5,3,11 Sum: 19
subset:11,17,19 Sum: 47
subset:5,2,14 Sum: 21
Distance: 38
perfect sum: 29
subset:5,18,5 Sum: 28
subset:10,7,13 Sum: 30
subset:5,3,11 Sum: 19
subset:11,17,19 Sum: 47
subset:2,5,14 Sum: 21
Distance: 38
perfect sum: 29
subset:5,18,5 Sum: 28
subset:10,7,13 Sum: 30
subset:5,3,11 Sum: 19
subset:11,17,19 Sum: 47
subset:5,2,14 Sum: 21
Distance: 38
50 | Score distance: 38
perfect sum: 29
subset:5,18,5 Sum: 28
subset:10,7,13 Sum: 30
subset:5,3,11 Sum: 19
subset:11,17,19 Sum: 47
subset:2,5,14 Sum: 21
Distance: 38
perfect sum: 29
subset:5,18,5 Sum: 28
subset:10,7,13 Sum: 30
subset:5,3,11 Sum: 19
subset:11,17,19 Sum: 47
subset:5,2,14 Sum: 21
Distance: 38
perfect sum: 29
subset:5,18,5 Sum: 28
subset:10,7,13 Sum: 30
subset:5,3,11 Sum: 19
subset:11,17,19 Sum: 47
subset:2,5,14 Sum: 21
Distance: 38
51 | Score distance: 38
perfect sum: 29
subset:5,18,5 Sum: 28
subset:7,10,13 Sum: 30
subset:5,3,11 Sum: 19
subset:11,17,19 Sum: 47
subset:2,5,14 Sum: 21
Distance: 38
perfect sum: 29
subset:5,18,5 Sum: 28
subset:10,7,13 Sum: 30
subset:5,3,11 Sum: 19
subset:11,17,19 Sum: 47
subset:2,5,14 Sum: 21
Distance: 38
perfect sum: 29
subset:5,18,5 Sum: 28
subset:7,10,13 Sum: 30
subset:5,3,11 Sum: 19
subset:11,17,19 Sum: 47
subset:2,5,14 Sum: 21
Distance: 38
52 | Score distance: 38
perfect sum: 29
subset:5,18,7 Sum: 30
subset:5,10,13 Sum: 28
subset:5,3,11 Sum: 19
subset:11,17,19 Sum: 47
subset:2,5,14 Sum: 21
Distance: 38
perfect sum: 29
subset:5,18,5 Sum: 28
subset:7,10,13 Sum: 30
subset:5,3,11 Sum: 19
subset:11,17,19 Sum: 47
subset:2,5,14 Sum: 21
Distance: 38
perfect sum: 29
subset:5,18,7 Sum: 30
subset:5,10,13 Sum: 28
subset:5,3,11 Sum: 19
subset:11,17,19 Sum: 47
subset:2,5,14 Sum: 21
Distance: 38
53 | Score distance: 38
perfect sum: 29
subset:5,18,7 Sum: 30
subset:5,10,5 Sum: 20
subset:13,3,11 Sum: 27
subset:11,17,19 Sum: 47
subset:2,5,14 Sum: 21
Distance: 38
perfect sum: 29
subset:5,18,7 Sum: 30
subset:5,10,13 Sum: 28
subset:5,3,11 Sum: 19
subset:11,17,19 Sum: 47
subset:2,5,14 Sum: 21
Distance: 38
perfect sum: 29
subset:5,18,7 Sum: 30
subset:5,10,5 Sum: 20
subset:13,3,11 Sum: 27
subset:11,17,19 Sum: 47
subset:2,5,14 Sum: 21
Distance: 38
54 | Score distance: 38
perfect sum: 29
subset:18,5,7 Sum: 30
subset:5,10,5 Sum: 20
subset:13,3,11 Sum: 27
subset:11,17,19 Sum: 47
subset:2,5,14 Sum: 21
Distance: 38
perfect sum: 29
subset:5,18,7 Sum: 30
subset:5,10,5 Sum: 20
subset:13,3,11 Sum: 27
subset:11,17,19 Sum: 47
subset:2,5,14 Sum: 21
Distance: 38
perfect sum: 29
subset:18,5,7 Sum: 30
subset:5,10,5 Sum: 20
subset:13,3,11 Sum: 27
subset:11,17,19 Sum: 47
subset:2,5,14 Sum: 21
Distance: 38
55 | Score distance: 38
perfect sum: 29
subset:18,7,5 Sum: 30
subset:5,10,5 Sum: 20
subset:13,3,11 Sum: 27
subset:11,17,19 Sum: 47
subset:2,5,14 Sum: 21
Distance: 38
perfect sum: 29
subset:18,5,7 Sum: 30
subset:5,10,5 Sum: 20
subset:13,3,11 Sum: 27
subset:11,17,19 Sum: 47
subset:2,5,14 Sum: 21
Distance: 38
perfect sum: 29
subset:18,7,5 Sum: 30
subset:5,10,5 Sum: 20
subset:13,3,11 Sum: 27
subset:11,17,19 Sum: 47
subset:2,5,14 Sum: 21
Distance: 38
56 | Score distance: 38
perfect sum: 29
subset:18,7,5 Sum: 30
subset:5,10,5 Sum: 20
subset:3,13,11 Sum: 27
subset:11,17,19 Sum: 47
subset:2,5,14 Sum: 21
Distance: 38
perfect sum: 29
subset:18,7,5 Sum: 30
subset:5,10,5 Sum: 20
subset:13,3,11 Sum: 27
subset:11,17,19 Sum: 47
subset:2,5,14 Sum: 21
Distance: 38
perfect sum: 29
subset:18,7,5 Sum: 30
subset:5,10,5 Sum: 20
subset:3,13,11 Sum: 27
subset:11,17,19 Sum: 47
subset:2,5,14 Sum: 21
Distance: 38
57 | Score distance: 38
perfect sum: 29
subset:18,7,5 Sum: 30
subset:5,10,5 Sum: 20
subset:13,3,11 Sum: 27
subset:11,17,19 Sum: 47
subset:2,5,14 Sum: 21
Distance: 38
perfect sum: 29
subset:18,7,5 Sum: 30
subset:5,10,5 Sum: 20
subset:3,13,11 Sum: 27
subset:11,17,19 Sum: 47
subset:2,5,14 Sum: 21
Distance: 38
perfect sum: 29
subset:18,7,5 Sum: 30
subset:5,10,5 Sum: 20
subset:13,3,11 Sum: 27
subset:11,17,19 Sum: 47
subset:2,5,14 Sum: 21
Distance: 38
58 | Score distance: 38
perfect sum: 29
subset:18,7,5 Sum: 30
subset:5,10,13 Sum: 28
subset:5,3,11 Sum: 19
subset:11,17,19 Sum: 47
subset:2,5,14 Sum: 21
Distance: 38
perfect sum: 29
subset:18,7,5 Sum: 30
subset:5,10,5 Sum: 20
subset:13,3,11 Sum: 27
subset:11,17,19 Sum: 47
subset:2,5,14 Sum: 21
Distance: 38
perfect sum: 29
subset:18,7,5 Sum: 30
subset:5,10,13 Sum: 28
subset:5,3,11 Sum: 19
subset:11,17,19 Sum: 47
subset:2,5,14 Sum: 21
Distance: 38
59 | Score distance: 38
perfect sum: 29
subset:18,7,5 Sum: 30
subset:5,10,13 Sum: 28
subset:5,3,11 Sum: 19
subset:11,17,2 Sum: 30
subset:19,5,14 Sum: 38
Distance: 21
perfect sum: 29
subset:18,7,5 Sum: 30
subset:5,10,13 Sum: 28
subset:5,3,11 Sum: 19
subset:11,17,19 Sum: 47
subset:2,5,14 Sum: 21
Distance: 38
perfect sum: 29
subset:18,7,5 Sum: 30
subset:5,10,13 Sum: 28
subset:5,3,11 Sum: 19
subset:11,17,2 Sum: 30
subset:19,5,14 Sum: 38
Distance: 21
60 | Score distance: 21
perfect sum: 29
subset:18,7,5 Sum: 30
subset:5,10,13 Sum: 28
subset:5,11,3 Sum: 19
subset:11,17,2 Sum: 30
subset:19,5,14 Sum: 38
Distance: 21
perfect sum: 29
subset:18,7,5 Sum: 30
subset:5,10,13 Sum: 28
subset:5,3,11 Sum: 19
subset:11,17,2 Sum: 30
subset:19,5,14 Sum: 38
Distance: 21
perfect sum: 29
subset:18,7,5 Sum: 30
subset:5,10,13 Sum: 28
subset:5,11,3 Sum: 19
subset:11,17,2 Sum: 30
subset:19,5,14 Sum: 38
Distance: 21
61 | Score distance: 21
perfect sum: 29
subset:18,7,5 Sum: 30
subset:5,10,13 Sum: 28
subset:5,11,3 Sum: 19
subset:11,17,2 Sum: 30
subset:19,14,5 Sum: 38
Distance: 21
perfect sum: 29
subset:18,7,5 Sum: 30
subset:5,10,13 Sum: 28
subset:5,11,3 Sum: 19
subset:11,17,2 Sum: 30
subset:19,5,14 Sum: 38
Distance: 21
perfect sum: 29
subset:18,7,5 Sum: 30
subset:5,10,13 Sum: 28
subset:5,11,3 Sum: 19
subset:11,17,2 Sum: 30
subset:19,14,5 Sum: 38
Distance: 21
62 | Score distance: 21
perfect sum: 29
subset:18,7,5 Sum: 30
subset:5,10,13 Sum: 28
subset:5,11,11 Sum: 27
subset:3,17,2 Sum: 22
subset:19,14,5 Sum: 38
Distance: 20
perfect sum: 29
subset:18,7,5 Sum: 30
subset:5,10,13 Sum: 28
subset:5,11,3 Sum: 19
subset:11,17,2 Sum: 30
subset:19,14,5 Sum: 38
Distance: 21
perfect sum: 29
subset:18,7,5 Sum: 30
subset:5,10,13 Sum: 28
subset:5,11,11 Sum: 27
subset:3,17,2 Sum: 22
subset:19,14,5 Sum: 38
Distance: 20
63 | Score distance: 20
perfect sum: 29
subset:18,7,5 Sum: 30
subset:5,10,13 Sum: 28
subset:5,11,11 Sum: 27
subset:17,3,2 Sum: 22
subset:19,14,5 Sum: 38
Distance: 20
perfect sum: 29
subset:18,7,5 Sum: 30
subset:5,10,13 Sum: 28
subset:5,11,11 Sum: 27
subset:3,17,2 Sum: 22
subset:19,14,5 Sum: 38
Distance: 20
perfect sum: 29
subset:18,7,5 Sum: 30
subset:5,10,13 Sum: 28
subset:5,11,11 Sum: 27
subset:17,3,2 Sum: 22
subset:19,14,5 Sum: 38
Distance: 20
64 | Score distance: 20
perfect sum: 29
subset:7,18,5 Sum: 30
subset:5,10,13 Sum: 28
subset:5,11,11 Sum: 27
subset:17,3,2 Sum: 22
subset:19,14,5 Sum: 38
Distance: 20
perfect sum: 29
subset:18,7,5 Sum: 30
subset:5,10,13 Sum: 28
subset:5,11,11 Sum: 27
subset:17,3,2 Sum: 22
subset:19,14,5 Sum: 38
Distance: 20
perfect sum: 29
subset:7,18,5 Sum: 30
subset:5,10,13 Sum: 28
subset:5,11,11 Sum: 27
subset:17,3,2 Sum: 22
subset:19,14,5 Sum: 38
Distance: 20
65 | Score distance: 20
perfect sum: 29
subset:7,5,18 Sum: 30
subset:5,10,13 Sum: 28
subset:5,11,11 Sum: 27
subset:17,3,2 Sum: 22
subset:19,14,5 Sum: 38
Distance: 20
perfect sum: 29
subset:7,18,5 Sum: 30
subset:5,10,13 Sum: 28
subset:5,11,11 Sum: 27
subset:17,3,2 Sum: 22
subset:19,14,5 Sum: 38
Distance: 20
perfect sum: 29
subset:7,5,18 Sum: 30
subset:5,10,13 Sum: 28
subset:5,11,11 Sum: 27
subset:17,3,2 Sum: 22
subset:19,14,5 Sum: 38
Distance: 20
66 | Score distance: 20
perfect sum: 29
subset:7,5,18 Sum: 30
subset:5,10,13 Sum: 28
subset:5,11,11 Sum: 27
subset:17,3,2 Sum: 22
subset:19,5,14 Sum: 38
Distance: 20
perfect sum: 29
subset:7,5,18 Sum: 30
subset:5,10,13 Sum: 28
subset:5,11,11 Sum: 27
subset:17,3,2 Sum: 22
subset:19,14,5 Sum: 38
Distance: 20
perfect sum: 29
subset:7,5,18 Sum: 30
subset:5,10,13 Sum: 28
subset:5,11,11 Sum: 27
subset:17,3,2 Sum: 22
subset:19,5,14 Sum: 38
Distance: 20
67 | Score distance: 20
perfect sum: 29
subset:7,5,18 Sum: 30
subset:5,10,13 Sum: 28
subset:5,11,11 Sum: 27
subset:17,3,19 Sum: 39
subset:2,5,14 Sum: 21
Distance: 22
perfect sum: 29
subset:7,5,18 Sum: 30
subset:5,10,13 Sum: 28
subset:5,11,11 Sum: 27
subset:17,3,2 Sum: 22
subset:19,5,14 Sum: 38
Distance: 20
perfect sum: 29
subset:7,5,18 Sum: 30
subset:5,10,13 Sum: 28
subset:5,11,11 Sum: 27
subset:17,3,19 Sum: 39
subset:2,5,14 Sum: 21
Distance: 22
perfect sum: 29
subset:7,5,18 Sum: 30
subset:5,10,13 Sum: 28
subset:5,11,11 Sum: 27
subset:17,3,2 Sum: 22
subset:19,5,14 Sum: 38
Distance: 20
perfect sum: 29
subset:7,5,18 Sum: 30
subset:5,10,13 Sum: 28
subset:5,11,11 Sum: 27
subset:17,3,19 Sum: 39
subset:2,5,14 Sum: 21
Distance: 22
68 | Score distance: 22
perfect sum: 29
subset:7,5,18 Sum: 30
subset:5,10,13 Sum: 28
subset:5,11,11 Sum: 27
subset:3,17,19 Sum: 39
subset:2,5,14 Sum: 21
Distance: 22
perfect sum: 29
subset:7,5,18 Sum: 30
subset:5,10,13 Sum: 28
subset:5,11,11 Sum: 27
subset:17,3,19 Sum: 39
subset:2,5,14 Sum: 21
Distance: 22
perfect sum: 29
subset:7,5,18 Sum: 30
subset:5,10,13 Sum: 28
subset:5,11,11 Sum: 27
subset:3,17,19 Sum: 39
subset:2,5,14 Sum: 21
Distance: 22
69 | Score distance: 22
perfect sum: 29
subset:7,5,18 Sum: 30
subset:5,10,13 Sum: 28
subset:5,11,11 Sum: 27
subset:3,17,2 Sum: 22
subset:19,5,14 Sum: 38
Distance: 20
perfect sum: 29
subset:7,5,18 Sum: 30
subset:5,10,13 Sum: 28
subset:5,11,11 Sum: 27
subset:3,17,19 Sum: 39
subset:2,5,14 Sum: 21
Distance: 22
perfect sum: 29
subset:7,5,18 Sum: 30
subset:5,10,13 Sum: 28
subset:5,11,11 Sum: 27
subset:3,17,2 Sum: 22
subset:19,5,14 Sum: 38
Distance: 20
70 | Score distance: 20
perfect sum: 29
subset:7,5,18 Sum: 30
subset:5,10,13 Sum: 28
subset:5,11,11 Sum: 27
subset:3,17,19 Sum: 39
subset:2,5,14 Sum: 21
Distance: 22
perfect sum: 29
subset:7,5,18 Sum: 30
subset:5,10,13 Sum: 28
subset:5,11,11 Sum: 27
subset:3,17,2 Sum: 22
subset:19,5,14 Sum: 38
Distance: 20
perfect sum: 29
subset:7,5,18 Sum: 30
subset:5,10,13 Sum: 28
subset:5,11,11 Sum: 27
subset:3,17,19 Sum: 39
subset:2,5,14 Sum: 21
Distance: 22
perfect sum: 29
subset:7,5,18 Sum: 30
subset:5,10,13 Sum: 28
subset:5,11,11 Sum: 27
subset:3,17,2 Sum: 22
subset:19,5,14 Sum: 38
Distance: 20
perfect sum: 29
subset:7,5,18 Sum: 30
subset:5,10,13 Sum: 28
subset:5,11,11 Sum: 27
subset:3,17,19 Sum: 39
subset:2,5,14 Sum: 21
Distance: 22
71 | Score distance: 22
perfect sum: 29
subset:7,5,18 Sum: 30
subset:10,5,13 Sum: 28
subset:5,11,11 Sum: 27
subset:3,17,19 Sum: 39
subset:2,5,14 Sum: 21
Distance: 22
perfect sum: 29
subset:7,5,18 Sum: 30
subset:5,10,13 Sum: 28
subset:5,11,11 Sum: 27
subset:3,17,19 Sum: 39
subset:2,5,14 Sum: 21
Distance: 22
perfect sum: 29
subset:7,5,18 Sum: 30
subset:10,5,13 Sum: 28
subset:5,11,11 Sum: 27
subset:3,17,19 Sum: 39
subset:2,5,14 Sum: 21
Distance: 22
72 | Score distance: 22
perfect sum: 29
subset:7,5,18 Sum: 30
subset:10,5,13 Sum: 28
subset:5,11,11 Sum: 27
subset:3,17,19 Sum: 39
subset:2,5,14 Sum: 21
Distance: 22
perfect sum: 29
subset:7,5,18 Sum: 30
subset:10,5,13 Sum: 28
subset:5,11,11 Sum: 27
subset:3,17,19 Sum: 39
subset:2,5,14 Sum: 21
Distance: 22
perfect sum: 29
subset:7,5,18 Sum: 30
subset:10,5,13 Sum: 28
subset:5,11,11 Sum: 27
subset:3,17,19 Sum: 39
subset:2,5,14 Sum: 21
Distance: 22
73 | Score distance: 22
perfect sum: 29
subset:7,5,18 Sum: 30
subset:10,5,13 Sum: 28
subset:5,11,11 Sum: 27
subset:3,17,19 Sum: 39
subset:5,2,14 Sum: 21
Distance: 22
perfect sum: 29
subset:7,5,18 Sum: 30
subset:10,5,13 Sum: 28
subset:5,11,11 Sum: 27
subset:3,17,19 Sum: 39
subset:2,5,14 Sum: 21
Distance: 22
perfect sum: 29
subset:7,5,18 Sum: 30
subset:10,5,13 Sum: 28
subset:5,11,11 Sum: 27
subset:3,17,19 Sum: 39
subset:5,2,14 Sum: 21
Distance: 22
74 | Score distance: 22
perfect sum: 29
subset:7,18,5 Sum: 30
subset:10,5,13 Sum: 28
subset:5,11,11 Sum: 27
subset:3,17,19 Sum: 39
subset:5,2,14 Sum: 21
Distance: 22
perfect sum: 29
subset:7,5,18 Sum: 30
subset:10,5,13 Sum: 28
subset:5,11,11 Sum: 27
subset:3,17,19 Sum: 39
subset:5,2,14 Sum: 21
Distance: 22
perfect sum: 29
subset:7,18,5 Sum: 30
subset:10,5,13 Sum: 28
subset:5,11,11 Sum: 27
subset:3,17,19 Sum: 39
subset:5,2,14 Sum: 21
Distance: 22
75 | Score distance: 22
perfect sum: 29
subset:7,18,5 Sum: 30
subset:10,5,13 Sum: 28
subset:11,5,11 Sum: 27
subset:3,17,19 Sum: 39
subset:5,2,14 Sum: 21
Distance: 22
perfect sum: 29
subset:7,18,5 Sum: 30
subset:10,5,13 Sum: 28
subset:5,11,11 Sum: 27
subset:3,17,19 Sum: 39
subset:5,2,14 Sum: 21
Distance: 22
perfect sum: 29
subset:7,18,5 Sum: 30
subset:10,5,13 Sum: 28
subset:11,5,11 Sum: 27
subset:3,17,19 Sum: 39
subset:5,2,14 Sum: 21
Distance: 22
76 | Score distance: 22
perfect sum: 29
subset:7,18,5 Sum: 30
subset:10,5,13 Sum: 28
subset:11,5,11 Sum: 27
subset:3,17,5 Sum: 25
subset:19,2,14 Sum: 35
Distance: 14
perfect sum: 29
subset:7,18,5 Sum: 30
subset:10,5,13 Sum: 28
subset:11,5,11 Sum: 27
subset:3,17,19 Sum: 39
subset:5,2,14 Sum: 21
Distance: 22
perfect sum: 29
subset:7,18,5 Sum: 30
subset:10,5,13 Sum: 28
subset:11,5,11 Sum: 27
subset:3,17,5 Sum: 25
subset:19,2,14 Sum: 35
Distance: 14
77 | Score distance: 14
perfect sum: 29
subset:7,18,5 Sum: 30
subset:10,5,13 Sum: 28
subset:11,5,11 Sum: 27
subset:3,17,19 Sum: 39
subset:5,2,14 Sum: 21
Distance: 22
perfect sum: 29
subset:7,18,5 Sum: 30
subset:10,5,13 Sum: 28
subset:11,5,11 Sum: 27
subset:3,17,5 Sum: 25
subset:19,2,14 Sum: 35
Distance: 14
perfect sum: 29
subset:7,18,5 Sum: 30
subset:10,5,13 Sum: 28
subset:11,5,11 Sum: 27
subset:3,17,19 Sum: 39
subset:5,2,14 Sum: 21
Distance: 22
perfect sum: 29
subset:7,18,5 Sum: 30
subset:10,5,13 Sum: 28
subset:11,5,11 Sum: 27
subset:3,17,5 Sum: 25
subset:19,2,14 Sum: 35
Distance: 14
perfect sum: 29
subset:7,18,5 Sum: 30
subset:10,5,13 Sum: 28
subset:11,5,11 Sum: 27
subset:3,17,5 Sum: 25
subset:19,2,14 Sum: 35
Distance: 14
78 | Score distance: 14
perfect sum: 29
subset:7,18,5 Sum: 30
subset:10,5,11 Sum: 26
subset:13,5,11 Sum: 29
subset:3,17,5 Sum: 25
subset:19,2,14 Sum: 35
Distance: 14
perfect sum: 29
subset:7,18,5 Sum: 30
subset:10,5,13 Sum: 28
subset:11,5,11 Sum: 27
subset:3,17,5 Sum: 25
subset:19,2,14 Sum: 35
Distance: 14
perfect sum: 29
subset:7,18,5 Sum: 30
subset:10,5,11 Sum: 26
subset:13,5,11 Sum: 29
subset:3,17,5 Sum: 25
subset:19,2,14 Sum: 35
Distance: 14
79 | Score distance: 14
perfect sum: 29
subset:7,18,5 Sum: 30
subset:10,5,11 Sum: 26
subset:13,5,11 Sum: 29
subset:3,17,19 Sum: 39
subset:5,2,14 Sum: 21
Distance: 22
perfect sum: 29
subset:7,18,5 Sum: 30
subset:10,5,11 Sum: 26
subset:13,5,11 Sum: 29
subset:3,17,5 Sum: 25
subset:19,2,14 Sum: 35
Distance: 14
perfect sum: 29
subset:7,18,5 Sum: 30
subset:10,5,11 Sum: 26
subset:13,5,11 Sum: 29
subset:3,17,19 Sum: 39
subset:5,2,14 Sum: 21
Distance: 22
perfect sum: 29
subset:7,18,5 Sum: 30
subset:10,5,11 Sum: 26
subset:13,5,11 Sum: 29
subset:3,17,5 Sum: 25
subset:19,2,14 Sum: 35
Distance: 14
perfect sum: 29
subset:7,18,5 Sum: 30
subset:10,5,11 Sum: 26
subset:13,5,11 Sum: 29
subset:3,17,5 Sum: 25
subset:19,2,14 Sum: 35
Distance: 14
80 | Score distance: 14
perfect sum: 29
subset:7,18,5 Sum: 30
subset:10,5,11 Sum: 26
subset:13,5,11 Sum: 29
subset:3,5,17 Sum: 25
subset:19,2,14 Sum: 35
Distance: 14
perfect sum: 29
subset:7,18,5 Sum: 30
subset:10,5,11 Sum: 26
subset:13,5,11 Sum: 29
subset:3,17,5 Sum: 25
subset:19,2,14 Sum: 35
Distance: 14
perfect sum: 29
subset:7,18,5 Sum: 30
subset:10,5,11 Sum: 26
subset:13,5,11 Sum: 29
subset:3,5,17 Sum: 25
subset:19,2,14 Sum: 35
Distance: 14
81 | Score distance: 14
perfect sum: 29
subset:7,18,5 Sum: 30
subset:10,5,11 Sum: 26
subset:13,5,11 Sum: 29
subset:3,5,17 Sum: 25
subset:19,14,2 Sum: 35
Distance: 14
perfect sum: 29
subset:7,18,5 Sum: 30
subset:10,5,11 Sum: 26
subset:13,5,11 Sum: 29
subset:3,5,17 Sum: 25
subset:19,2,14 Sum: 35
Distance: 14
perfect sum: 29
subset:7,18,5 Sum: 30
subset:10,5,11 Sum: 26
subset:13,5,11 Sum: 29
subset:3,5,17 Sum: 25
subset:19,14,2 Sum: 35
Distance: 14
82 | Score distance: 14
perfect sum: 29
subset:7,5,18 Sum: 30
subset:10,5,11 Sum: 26
subset:13,5,11 Sum: 29
subset:3,5,17 Sum: 25
subset:19,14,2 Sum: 35
Distance: 14
perfect sum: 29
subset:7,18,5 Sum: 30
subset:10,5,11 Sum: 26
subset:13,5,11 Sum: 29
subset:3,5,17 Sum: 25
subset:19,14,2 Sum: 35
Distance: 14
perfect sum: 29
